0.000000 0.261117
0.033333 0.270765
0.066667 0.281878
0.100000 0.293331
0.133333 0.302071
0.166667 0.310008
0.200000 0.319178
0.233333 0.329175
0.266667 0.338343
0.300000 0.348092
0.333333 0.357196
0.366667 0.365778
0.400000 0.374480
0.433333 0.384488
0.466667 0.393282
0.500000 0.401553
0.533333 0.409987
0.566667 0.419000
0.600000 0.427746
0.633333 0.436277
0.666667 0.445839
0.700000 0.454384
0.733333 0.460917
0.766667 0.468151
0.800000 0.476494
0.833333 0.484689
0.866667 0.492897
0.900000 0.500970
0.933333 0.508978
0.966667 0.516412
1.000000 0.524917
1.033333 0.531814
1.066667 0.539727
1.100000 0.546775
1.133333 0.555440
1.166667 0.563077
1.200000 0.570300
1.233333 0.579503
1.266667 0.588682
1.300000 0.597424
1.333333 0.606285
1.366667 0.613515
1.400000 0.621559
1.433333 0.628636
1.466667 0.635675
1.500000 0.641187
1.533333 0.648597
1.566667 0.654846
1.600000 0.663421
1.633333 0.670313
1.666667 0.677487
1.700000 0.686159
1.733333 0.693140
1.766667 0.699985
1.800000 0.706913
1.833333 0.713058
1.866667 0.721069
1.900000 0.728296
1.933333 0.735538
1.966667 0.743282
2.000000 0.750022
2.033333 0.758312
2.066667 0.764713
2.100000 0.771576
2.133333 0.779278
2.166667 0.786849
2.200000 0.793358
2.233333 0.798406
2.266667 0.804574
2.300000 0.814737
2.333333 0.822809
2.366667 0.827960
2.400000 0.835318
2.433333 0.842444
2.466667 0.848389
2.500000 0.854396
2.533333 0.862346
2.566667 0.869129
2.600000 0.877184
2.633333 0.884077
2.666667 0.891348
2.700000 0.896536
2.733333 0.905056
2.766667 0.911655
2.800000 0.917292
2.833333 0.924962
2.866667 0.931727
2.900000 0.937763
2.933333 0.943736
2.966667 0.954439
3.000000 0.958884
3.033333 0.964955
3.066667 0.973388
3.100000 0.979891
3.133333 0.987135
3.166667 0.992455
3.200000 0.999348
3.233333 1.003160
3.266667 1.013078
3.300000 1.025554
3.333333 1.026232
3.366667 1.032652
3.400000 1.039143
3.433333 1.047266
3.466667 1.053910
3.500000 1.057808
3.533333 1.060139
3.566667 1.073498
3.600000 1.077952
3.633333 1.086291
3.666667 1.094401
3.700000 1.097376
3.733333 1.107440
3.766667 1.113124
3.800000 1.119103
3.833333 1.125311
3.866667 1.130123
3.900000 1.130971
3.933333 1.145629
3.966667 1.149284
4.000000 1.158128
4.033333 1.162713
4.066667 1.172238
4.100000 1.177616
4.133333 1.182913
4.166667 1.188421
4.200000 1.198791
4.233333 1.211253
4.266667 1.207444
4.300000 1.216120
4.333333 1.215481
4.366667 1.228306
4.400000 1.233779
4.433333 1.245155
4.466667 1.252016
4.500000 1.255448
4.533333 1.261655
4.566667 1.269062
4.600000 1.275203
4.633333 1.280292
4.666667 1.276895
4.700000 1.292865
4.733333 1.287631
4.766667 1.306152
4.800000 1.296575
4.833333 1.317906
4.866667 1.327391
4.900000 1.329970
4.933333 1.336828
4.966667 1.332480
5.000000 1.348830
5.033333 1.350512
5.066667 1.362519
5.100000 1.366926
5.133333 1.368367
5.166667 1.390893
5.200000 1.371477
5.233333 1.401414
5.266667 1.400812
5.300000 1.385841
5.333333 1.409999
5.366667 1.421184
5.400000 1.421091
5.433333 1.425429
5.466667 1.434144
5.500000 1.443509
5.533333 1.444379
5.566667 1.445715
5.600000 1.457083
5.633333 1.474633
5.666667 1.455957
5.700000 1.474616
5.733333 1.489802
5.766667 1.485143
5.800000 1.486904
5.833333 1.493032
5.866667 1.512335
5.900000 1.503827
5.933333 1.506131
5.966667 1.522526
6.000000 1.521375
6.033333 1.521353
6.066667 1.540344
6.100000 1.538840
6.133333 1.525534
6.166667 1.551827
6.200000 1.571036
6.233333 1.563523
6.266667 1.552617
6.300000 1.592028
6.333333 1.593209
6.366667 1.604598
6.400000 1.592337
6.433333 1.597464
6.466667 1.611077
6.500000 1.642064
6.533333 1.611974
6.566667 1.602945
6.600000 1.642623
6.633333 1.638972
6.666667 1.643880
6.700000 1.651944
6.733333 1.656516
6.766667 1.662541
6.800000 1.669017
6.833333 1.638377
6.866667 1.648596
6.900000 1.658069
6.933333 1.691753
6.966667 1.690022
7.000000 1.704342
7.033333 1.711262
7.066667 1.685599
7.100000 1.711488
7.133333 1.725468
7.166667 1.721823
7.200000 1.737897
7.233333 1.736660
7.266667 1.753169
7.300000 1.744407
7.333333 1.750489
7.366667 1.780717
7.400000 1.793303
7.433333 1.736197
7.466667 1.769508
7.500000 1.797055
7.533333 1.794425
7.566667 1.808927
7.600000 1.795119
7.633333 1.806068
7.666667 1.836797
7.700000 1.808840
7.733333 1.820184
7.766667 1.838111
7.800000 1.803568
7.833333 1.844840
7.866667 1.852426
7.900000 1.842883
7.933333 1.862648
7.966667 1.808971
8.000000 1.872511
8.033333 1.881869
8.066667 1.870201
8.100000 1.889178
8.133333 1.877710
8.166667 1.889679
8.200000 1.892225
8.233333 1.899290
8.266667 1.955267
8.300000 1.936414
8.333333 1.928194
8.366667 1.958702
8.400000 1.867033
8.433333 1.933650
8.466667 1.942380
8.500000 1.954094
8.533333 2.000125
8.566667 1.989499
8.600000 1.914011
8.633333 1.931464
8.666667 1.939465
8.700000 1.970355
8.733333 1.977018
8.766667 2.002256
8.800000 2.006515
8.833333 2.026017
8.866667 1.959355
8.900000 2.005612
8.933333 2.030749
8.966667 2.016331
9.000000 2.038220
9.033333 2.087543
9.066667 2.053106
9.100000 2.037160
9.133333 2.038015
9.166667 2.069441
9.200000 2.048631
9.233333 2.050775
9.266667 2.136982
9.300000 2.028560
9.333333 2.070323
9.366667 2.175749
9.400000 2.052122
9.433333 2.122778
9.466667 2.116704
9.500000 2.104306
9.533333 2.127769
9.566667 2.107977
9.600000 2.153942
9.633333 2.139163
9.666667 2.152785
9.700000 2.178499
9.733333 2.211049
9.766667 2.166591
9.800000 2.174264
9.833333 2.179123
9.866667 2.210142
9.900000 2.180942
9.933333 2.188818
9.966667 2.163561
10.000000 2.172963