0.000000 0.376799
0.033333 0.389565
0.066667 0.401758
0.100000 0.413679
0.133333 0.427241
0.166667 0.439933
0.200000 0.452589
0.233333 0.464619
0.266667 0.476906
0.300000 0.489473
0.333333 0.501193
0.366667 0.515038
0.400000 0.527565
0.433333 0.538355
0.466667 0.550496
0.500000 0.561014
0.533333 0.572465
0.566667 0.583797
0.600000 0.596252
0.633333 0.607121
0.666667 0.618984
0.700000 0.630243
0.733333 0.641969
0.766667 0.653497
0.800000 0.663707
0.833333 0.675455
0.866667 0.684732
0.900000 0.697184
0.933333 0.709166
0.966667 0.719334
1.000000 0.730327
1.033333 0.739975
1.066667 0.750988
1.100000 0.761522
1.133333 0.772067
1.166667 0.782584
1.200000 0.789456
1.233333 0.802660
1.266667 0.811939
1.300000 0.819164
1.333333 0.832940
1.366667 0.843711
1.400000 0.853394
1.433333 0.862753
1.466667 0.869623
1.500000 0.884059
1.533333 0.893413
1.566667 0.901340
1.600000 0.912297
1.633333 0.921893
1.666667 0.934549
1.700000 0.943023
1.733333 0.957819
1.766667 0.963051
1.800000 0.973126
1.833333 0.978562
1.866667 0.991738
1.900000 1.001028
1.933333 1.007878
1.966667 1.019757
2.000000 1.029604
2.033333 1.040935
2.066667 1.044038
2.100000 1.063150
2.133333 1.069459
2.166667 1.080051
2.200000 1.088555
2.233333 1.098666
2.266667 1.101030
2.300000 1.115051
2.333333 1.127552
2.366667 1.129533
2.400000 1.141544
2.433333 1.153875
2.466667 1.163212
2.500000 1.171014
2.533333 1.182244
2.566667 1.193757
2.600000 1.202429
2.633333 1.210869
2.666667 1.219423
2.700000 1.232562
2.733333 1.236088
2.766667 1.247488
2.800000 1.256383
2.833333 1.263974
2.866667 1.280175
2.900000 1.279805
2.933333 1.296400
2.966667 1.297415
3.000000 1.307422
3.033333 1.315981
3.066667 1.340062
3.100000 1.349362
3.133333 1.342470
3.166667 1.352609
3.200000 1.366811
3.233333 1.367759
3.266667 1.379639
3.300000 1.388797
3.333333 1.398808
3.366667 1.409520
3.400000 1.421505
3.433333 1.414566
3.466667 1.437598
3.500000 1.441326
3.533333 1.456574
3.566667 1.477326
3.600000 1.469655
3.633333 1.488153
3.666667 1.493711
3.700000 1.495916
3.733333 1.506376
3.766667 1.512862
3.800000 1.522699
3.833333 1.516207
3.866667 1.540131
3.900000 1.548468
3.933333 1.569159
3.966667 1.564137
4.000000 1.601238
4.033333 1.587509
4.066667 1.577953
4.100000 1.577174
4.133333 1.613831
4.166667 1.617749
4.200000 1.600464
4.233333 1.646095
4.266667 1.651938
4.300000 1.660473
4.333333 1.670964
4.366667 1.687899
4.400000 1.657131
4.433333 1.686304
4.466667 1.707270
4.500000 1.671577
4.533333 1.723946
4.566667 1.730901
4.600000 1.729234
4.633333 1.745248
4.666667 1.757258
4.700000 1.764700
4.733333 1.788345
4.766667 1.787894
4.800000 1.792725
4.833333 1.788837
4.866667 1.814283
4.900000 1.819132
4.933333 1.826738
4.966667 1.833266
5.000000 1.878217
5.033333 1.812600
5.066667 1.847209
5.100000 1.882612
5.133333 1.864625
5.166667 1.856201
5.200000 1.879807
5.233333 1.887072
5.266667 1.916912
5.300000 1.977715
5.333333 1.928689
5.366667 1.871854
5.400000 1.946133
5.433333 1.935353
5.466667 1.962501
5.500000 1.924802
5.533333 1.961018
5.566667 1.998299
5.600000 1.995293
5.633333 1.982709
5.666667 1.998388
5.700000 2.041733
5.733333 2.047992
5.766667 2.019875
5.800000 2.048929
5.833333 1.969511
5.866667 2.062225
5.900000 2.064454
5.933333 2.008127
5.966667 2.091088
6.000000 2.099491
6.033333 2.154844
6.066667 2.148984
6.100000 2.123241
6.133333 2.222636
6.166667 2.141642
6.200000 2.149127
6.233333 2.161459
6.266667 2.166649
6.300000 2.146704
6.333333 2.153969
6.366667 2.158939
6.400000 2.192447
6.433333 2.207444
6.466667 2.096618
6.500000 2.192633
6.533333 2.236127
6.566667 2.250070
6.600000 2.221167
6.633333 2.264947
6.666667 2.226216
6.700000 2.239640
6.733333 2.275743
6.766667 2.319139
6.800000 2.354974
6.833333 2.379036
6.866667 2.270046
6.900000 2.285824
6.933333 2.282837
6.966667 2.336321
7.000000 2.433898
7.033333 2.319159
7.066667 2.369750
7.100000 2.376516
7.133333 2.352355
7.166667 2.397017
7.200000 2.259990
7.233333 2.362541
7.266667 2.238438
7.300000 2.543688
7.333333 2.432658
7.366667 2.389890
7.400000 2.396557
7.433333 2.451727
7.466667 2.435827
7.500000 2.454230
7.533333 2.415335
7.566667 2.353780
7.600000 2.455476
7.633333 2.724488
7.666667 2.729969
7.700000 2.521128
7.733333 2.468197
7.766667 2.531192
7.800000 2.531712
7.833333 2.492954
7.866667 2.510582
7.900000 2.526793
7.933333 2.513972
7.966667 2.581569
8.000000 2.892196
8.033333 2.599973
8.066667 2.534458
8.100000 2.621655
8.133333 2.642456
8.166667 2.560149
8.200000 2.657470
8.233333 2.656781
8.266667 2.692518
8.300000 2.672540
8.333333 2.614000
8.366667 2.411761
8.400000 2.829787
8.433333 2.621469
8.466667 2.632642
8.500000 2.708628
8.533333 2.709692
8.566667 2.630439
8.600000 2.730342
8.633333 2.648376
8.666667 2.754455
8.700000 2.766698
8.733333 2.686075
8.766667 2.712039
8.800000 2.895063
8.833333 2.483145
8.866667 2.681263
8.900000 3.141998
8.933333 2.728605
8.966667 2.935559
9.000000 2.737429
9.033333 2.738797
9.066667 2.871798
9.100000 2.871005
9.133333 3.038564
9.166667 2.749313
9.200000 2.935624
9.233333 2.574690
9.266667 4.512495
9.300000 2.721685
9.333333 2.788945
9.366667 2.741594
9.400000 2.924639
9.433333 2.630544
9.466667 2.985874
9.500000 2.857369
9.533333 2.701469
9.566667 2.840825
9.600000 2.913297
9.633333 2.822987
9.666667 3.417127
9.700000 2.685152
9.733333 4.500686
9.766667 3.124907
9.800000 3.072013
9.833333 3.099153
9.866667 3.500259
9.900000 2.888126
9.933333 2.702285
9.966667 3.104563
10.000000 3.027545