0.000000 0.358898
0.033333 0.370748
0.066667 0.382044
0.100000 0.393777
0.133333 0.406714
0.166667 0.418422
0.200000 0.431002
0.233333 0.442309
0.266667 0.453931
0.300000 0.464580
0.333333 0.476845
0.366667 0.488205
0.400000 0.498194
0.433333 0.509916
0.466667 0.521111
0.500000 0.531849
0.533333 0.543815
0.566667 0.554268
0.600000 0.565528
0.633333 0.576400
0.666667 0.586735
0.700000 0.597072
0.733333 0.609309
0.766667 0.618010
0.800000 0.630166
0.833333 0.640574
0.866667 0.652706
0.900000 0.661670
0.933333 0.671497
0.966667 0.681592
1.000000 0.692893
1.033333 0.701249
1.066667 0.712697
1.100000 0.721885
1.133333 0.733096
1.166667 0.742985
1.200000 0.752018
1.233333 0.762847
1.266667 0.772413
1.300000 0.783747
1.333333 0.791998
1.366667 0.802945
1.400000 0.811099
1.433333 0.819334
1.466667 0.832076
1.500000 0.837091
1.533333 0.853353
1.566667 0.860959
1.600000 0.870035
1.633333 0.880435
1.666667 0.890659
1.700000 0.899356
1.733333 0.908470
1.766667 0.918951
1.800000 0.928462
1.833333 0.938271
1.866667 0.947830
1.900000 0.953878
1.933333 0.967858
1.966667 0.977222
2.000000 0.985243
2.033333 0.989154
2.066667 1.003086
2.100000 1.013457
2.133333 1.021479
2.166667 1.030084
2.200000 1.040892
2.233333 1.052233
2.266667 1.062764
2.300000 1.077491
2.333333 1.080124
2.366667 1.089750
2.400000 1.099431
2.433333 1.106572
2.466667 1.114281
2.500000 1.123468
2.533333 1.133139
2.566667 1.141859
2.600000 1.145340
2.633333 1.161857
2.666667 1.170452
2.700000 1.185057
2.733333 1.188235
2.766667 1.195481
2.800000 1.206213
2.833333 1.212715
2.866667 1.221913
2.900000 1.229896
2.933333 1.237852
2.966667 1.251852
3.000000 1.257521
3.033333 1.273646
3.066667 1.267697
3.100000 1.289795
3.133333 1.297208
3.166667 1.313648
3.200000 1.309502
3.233333 1.317824
3.266667 1.329808
3.300000 1.342613
3.333333 1.335774
3.366667 1.364141
3.400000 1.354492
3.433333 1.380397
3.466667 1.367183
3.500000 1.388602
3.533333 1.400502
3.566667 1.412834
3.600000 1.416972
3.633333 1.429401
3.666667 1.427873
3.700000 1.448042
3.733333 1.431271
3.766667 1.460661
3.800000 1.459865
3.833333 1.476375
3.866667 1.477725
3.900000 1.487396
3.933333 1.496073
3.966667 1.484955
4.000000 1.516381
4.033333 1.535039
4.066667 1.529266
4.100000 1.550406
4.133333 1.555735
4.166667 1.551515
4.200000 1.542914
4.233333 1.569263
4.266667 1.576772
4.300000 1.583961
4.333333 1.618645
4.366667 1.576535
4.400000 1.607434
4.433333 1.619042
4.466667 1.614854
4.500000 1.633215
4.533333 1.641197
4.566667 1.650631
4.600000 1.629323
4.633333 1.679881
4.666667 1.672857
4.700000 1.691213
4.733333 1.688144
4.766667 1.707604
4.800000 1.714184
4.833333 1.751834
4.866667 1.731509
4.900000 1.741021
4.933333 1.746999
4.966667 1.739828
5.000000 1.749524
5.033333 1.766570
5.066667 1.787536
5.100000 1.772862
5.133333 1.783322
5.166667 1.801365
5.200000 1.797635
5.233333 1.827273
5.266667 1.795556
5.300000 1.796380
5.333333 1.835650
5.366667 1.824006
5.400000 1.878692
5.433333 1.858806
5.466667 1.830090
5.500000 1.905736
5.533333 1.932516
5.566667 1.884299
5.600000 1.903021
5.633333 1.899640
5.666667 1.927192
5.700000 1.929333
5.733333 1.923768
5.766667 1.943277
5.800000 1.953375
5.833333 1.991658
5.866667 2.013262
5.900000 1.973706
5.933333 1.913431
5.966667 1.970639
6.000000 1.981456
6.033333 1.989464
6.066667 1.998748
6.100000 1.978760
6.133333 2.084610
6.166667 1.970696
6.200000 2.044628
6.233333 2.029378
6.266667 2.038538
6.300000 2.071757
6.333333 2.053268
6.366667 2.085139
6.400000 2.094904
6.433333 2.077376
6.466667 2.085808
6.500000 2.108936
6.533333 2.101473
6.566667 2.134840
6.600000 2.141064
6.633333 2.120723
6.666667 2.124455
6.700000 2.156570
6.733333 2.230223
6.766667 2.072674
6.800000 2.176518
6.833333 2.166124
6.866667 2.238646
6.900000 2.182442
6.933333 2.176843
6.966667 2.204948
7.000000 2.240520
7.033333 2.277301
7.066667 2.330713
7.100000 2.194762
7.133333 2.196482
7.166667 2.267316
7.200000 2.286759
7.233333 2.283583
7.266667 2.209762
7.300000 2.298906
7.333333 2.305775
7.366667 2.272522
7.400000 2.308997
7.433333 2.286001
7.466667 2.312259
7.500000 2.297580
7.533333 2.444136
7.566667 2.315893
7.600000 2.442378
7.633333 2.375890
7.666667 2.344167
7.700000 2.394668
7.733333 2.344644
7.766667 2.577744
7.800000 2.242335
7.833333 2.357737
7.866667 2.331097
7.900000 2.435083
7.933333 2.493868
7.966667 2.397909
8.000000 2.460146
8.033333 2.272124
8.066667 2.420785
8.100000 2.392321
8.133333 2.491306
8.166667 2.439741
8.200000 2.434417
8.233333 2.465599
8.266667 2.459480
8.300000 2.453302
8.333333 2.549650
8.366667 2.566190
8.400000 2.477848
8.433333 2.450792
8.466667 2.840059
8.500000 2.578014
8.533333 2.512997
8.566667 2.509872
8.600000 2.515751
8.633333 2.613510
8.666667 2.611910
8.700000 2.603001
8.733333 2.620913
8.766667 2.557013
8.800000 2.497109
8.833333 2.637656
8.866667 2.556960
8.900000 2.691091
8.933333 2.593143
8.966667 2.571636
9.000000 2.654865
9.033333 2.713779
9.066667 2.586821
9.100000 2.654033
9.133333 2.717342
9.166667 2.715233
9.200000 2.732922
9.233333 2.634415
9.266667 2.643288
9.300000 2.870386
9.333333 2.629864
9.366667 3.037002
9.400000 2.692830
9.433333 2.739322
9.466667 2.594250
9.500000 2.664632
9.533333 2.457256
9.566667 2.900393
9.600000 2.775082
9.633333 2.845327
9.666667 2.825403
9.700000 2.841634
9.733333 2.735840
9.766667 2.939273
9.800000 4.493912
9.833333 2.686200
9.866667 2.680975
9.900000 2.837287
9.933333 2.812749
9.966667 2.771820
10.000000 2.936012