0.000000 0.428027
0.033333 0.439714
0.066667 0.452252
0.100000 0.463707
0.133333 0.476100
0.166667 0.486542
0.200000 0.498344
0.233333 0.509715
0.266667 0.521446
0.300000 0.533876
0.333333 0.545254
0.366667 0.557254
0.400000 0.568541
0.433333 0.580573
0.466667 0.591513
0.500000 0.603040
0.533333 0.615508
0.566667 0.626148
0.600000 0.637615
0.633333 0.649469
0.666667 0.660911
0.700000 0.671867
0.733333 0.682874
0.766667 0.694060
0.800000 0.704924
0.833333 0.716002
0.866667 0.726391
0.900000 0.738073
0.933333 0.747840
0.966667 0.758897
1.000000 0.767216
1.033333 0.778983
1.066667 0.789087
1.100000 0.801423
1.133333 0.813249
1.166667 0.821572
1.200000 0.831835
1.233333 0.842765
1.266667 0.851729
1.300000 0.862699
1.333333 0.869068
1.366667 0.883906
1.400000 0.892793
1.433333 0.904078
1.466667 0.910456
1.500000 0.924219
1.533333 0.932973
1.566667 0.946271
1.600000 0.955237
1.633333 0.962759
1.666667 0.969211
1.700000 0.984975
1.733333 0.992068
1.766667 1.001500
1.800000 1.017196
1.833333 1.023404
1.866667 1.032409
1.900000 1.044349
1.933333 1.054223
1.966667 1.061222
2.000000 1.071113
2.033333 1.084281
2.066667 1.087867
2.100000 1.098297
2.133333 1.111301
2.166667 1.119169
2.200000 1.126117
2.233333 1.136190
2.266667 1.147971
2.300000 1.154318
2.333333 1.164647
2.366667 1.177330
2.400000 1.185085
2.433333 1.196535
2.466667 1.206730
2.500000 1.216000
2.533333 1.214863
2.566667 1.232475
2.600000 1.244246
2.633333 1.253203
2.666667 1.267076
2.700000 1.262876
2.733333 1.278992
2.766667 1.291641
2.800000 1.296600
2.833333 1.301602
2.866667 1.320046
2.900000 1.327727
2.933333 1.336750
2.966667 1.344160
3.000000 1.358849
3.033333 1.368733
3.066667 1.377262
3.100000 1.381737
3.133333 1.389421
3.166667 1.390764
3.200000 1.407794
3.233333 1.423213
3.266667 1.423752
3.300000 1.436308
3.333333 1.453444
3.366667 1.459686
3.400000 1.467810
3.433333 1.467770
3.466667 1.480489
3.500000 1.502335
3.533333 1.503082
3.566667 1.506349
3.600000 1.508235
3.633333 1.530163
3.666667 1.533119
3.700000 1.542365
3.733333 1.568050
3.766667 1.570446
3.800000 1.567580
3.833333 1.584997
3.866667 1.586671
3.900000 1.602002
3.933333 1.629253
3.966667 1.620195
4.000000 1.640436
4.033333 1.646087
4.066667 1.645784
4.100000 1.647815
4.133333 1.663772
4.166667 1.663312
4.200000 1.686703
4.233333 1.682250
4.266667 1.676755
4.300000 1.694603
4.333333 1.707139
4.366667 1.726259
4.400000 1.751709
4.433333 1.746103
4.466667 1.739781
4.500000 1.761330
4.533333 1.767678
4.566667 1.787730
4.600000 1.781433
4.633333 1.782577
4.666667 1.811382
4.700000 1.814444
4.733333 1.810852
4.766667 1.812836
4.800000 1.871339
4.833333 1.844856
4.866667 1.813584
4.900000 1.843471
4.933333 1.856374
4.966667 1.887109
5.000000 1.871547
5.033333 1.893517
5.066667 1.888314
5.100000 1.868770
5.133333 1.914766
5.166667 1.943819
5.200000 1.924267
5.233333 1.974571
5.266667 1.939561
5.300000 1.950025
5.333333 1.956289
5.366667 1.998324
5.400000 1.985800
5.433333 1.977933
5.466667 2.004944
5.500000 2.017481
5.533333 2.019293
5.566667 2.034035
5.600000 2.088513
5.633333 2.030420
5.666667 2.028460
5.700000 2.016269
5.733333 1.981317
5.766667 2.055897
5.800000 2.127860
5.833333 2.073226
5.866667 2.100382
5.900000 2.116056
5.933333 2.098288
5.966667 2.037650
6.000000 2.188352
6.033333 2.119645
6.066667 2.193021
6.100000 2.173824
6.133333 2.146652
6.166667 2.187090
6.200000 2.159485
6.233333 2.218532
6.266667 2.172525
6.300000 2.180587
6.333333 2.194004
6.366667 2.260757
6.400000 2.205549
6.433333 2.189931
6.466667 2.200087
6.500000 2.231749
6.533333 2.256589
6.566667 2.287009
6.600000 2.276161
6.633333 2.341089
6.666667 2.401210
6.700000 2.205090
6.733333 2.293408
6.766667 2.331419
6.800000 2.206135
6.833333 2.369221
6.866667 2.415833
6.900000 2.401682
6.933333 2.330401
6.966667 2.336210
7.000000 2.464979
7.033333 2.227413
7.066667 2.397847
7.100000 2.412392
7.133333 2.416164
7.166667 2.414380
7.200000 2.350477
7.233333 2.449325
7.266667 2.450218
7.300000 2.650226
7.333333 2.275399
7.366667 2.424880
7.400000 2.452384
7.433333 2.441526
7.466667 2.368081
7.500000 2.509228
7.533333 2.454368
7.566667 2.574830
7.600000 2.542080
7.633333 2.549044
7.666667 2.332076
7.700000 2.506324
7.733333 2.492519
7.766667 2.573081
7.800000 2.568801
7.833333 2.554791
7.866667 2.513462
7.900000 2.523109
7.933333 2.676988
7.966667 2.412429
8.000000 2.546598
8.033333 2.643593
8.066667 2.719058
8.100000 2.660333
8.133333 2.667909
8.166667 2.849572
8.200000 2.690465
8.233333 2.675558
8.266667 2.936786
8.300000 2.750042
8.333333 2.445878
8.366667 2.516127
8.400000 2.622263
8.433333 2.947354
8.466667 2.564236
8.500000 2.751912
8.533333 2.985296
8.566667 2.780804
8.600000 2.891635
8.633333 2.782573
8.666667 2.695495
8.700000 2.507614
8.733333 2.775324
8.766667 2.821080
8.800000 2.693455
8.833333 2.865611
8.866667 2.840305
8.900000 2.827586
8.933333 2.832460
8.966667 2.533310
9.000000 2.857955
9.033333 2.800493
9.066667 2.853364
9.100000 2.882504
9.133333 3.072261
9.166667 3.109353
9.200000 3.245256
9.233333 2.884181
9.266667 2.986605
9.300000 2.616153
9.333333 4.491223
9.366667 3.222450
9.400000 2.828717
9.433333 2.907245
9.466667 3.061837
9.500000 3.062388
9.533333 4.026903
9.566667 2.695350
9.600000 2.859965
9.633333 4.204332
9.666667 2.792129
9.700000 3.047113
9.733333 2.575456
9.766667 2.915304
9.800000 3.107352
9.833333 2.644084
9.866667 3.070448
9.900000 2.914019
9.933333 2.728356
9.966667 2.937473
10.000000 3.096117