0.000000 0.191367
0.033333 0.198215
0.066667 0.203006
0.100000 0.209575
0.133333 0.215494
0.166667 0.221542
0.200000 0.227256
0.233333 0.233383
0.266667 0.238305
0.300000 0.244720
0.333333 0.249992
0.366667 0.255678
0.400000 0.260675
0.433333 0.265787
0.466667 0.271643
0.500000 0.276919
0.533333 0.282333
0.566667 0.287599
0.600000 0.293238
0.633333 0.298709
0.666667 0.303630
0.700000 0.309211
0.733333 0.314245
0.766667 0.318728
0.800000 0.324715
0.833333 0.328806
0.866667 0.334745
0.900000 0.339576
0.933333 0.344871
0.966667 0.349963
1.000000 0.355669
1.033333 0.360678
1.066667 0.365447
1.100000 0.370396
1.133333 0.374567
1.166667 0.379256
1.200000 0.385363
1.233333 0.390152
1.266667 0.394325
1.300000 0.399345
1.333333 0.404137
1.366667 0.408606
1.400000 0.414452
1.433333 0.419247
1.466667 0.423558
1.500000 0.429218
1.533333 0.433465
1.566667 0.437385
1.600000 0.443319
1.633333 0.447595
1.666667 0.452155
1.700000 0.456504
1.733333 0.461680
1.766667 0.466602
1.800000 0.471561
1.833333 0.476495
1.866667 0.481345
1.900000 0.485831
1.933333 0.490902
1.966667 0.495077
2.000000 0.499505
2.033333 0.503782
2.066667 0.507912
2.100000 0.513406
2.133333 0.517165
2.166667 0.522565
2.200000 0.527579
2.233333 0.531095
2.266667 0.535188
2.300000 0.539963
2.333333 0.545159
2.366667 0.550042
2.400000 0.553104
2.433333 0.558224
2.466667 0.562047
2.500000 0.567328
2.533333 0.571904
2.566667 0.575995
2.600000 0.580451
2.633333 0.584829
2.666667 0.589273
2.700000 0.593010
2.733333 0.598218
2.766667 0.602488
2.800000 0.607162
2.833333 0.611756
2.866667 0.615125
2.900000 0.620289
2.933333 0.623688
2.966667 0.628509
3.000000 0.633219
3.033333 0.637270
3.066667 0.641070
3.100000 0.645505
3.133333 0.651088
3.166667 0.654195
3.200000 0.659295
3.233333 0.663418
3.266667 0.667414
3.300000 0.670550
3.333333 0.675368
3.366667 0.678279
3.400000 0.684476
3.433333 0.686690
3.466667 0.693460
3.500000 0.697151
3.533333 0.701128
3.566667 0.705430
3.600000 0.708679
3.633333 0.714143
3.666667 0.716435
3.700000 0.720938
3.733333 0.724747
3.766667 0.729791
3.800000 0.735294
3.833333 0.737002
3.866667 0.742379
3.900000 0.745598
3.933333 0.750732
3.966667 0.754738
4.000000 0.758734
4.033333 0.762337
4.066667 0.765969
4.100000 0.769111
4.133333 0.775567
4.166667 0.777731
4.200000 0.781936
4.233333 0.787216
4.266667 0.788494
4.300000 0.795896
4.333333 0.799797
4.366667 0.805030
4.400000 0.807680
4.433333 0.811545
4.466667 0.813118
4.500000 0.818930
4.533333 0.824973
4.566667 0.825552
4.600000 0.830746
4.633333 0.835978
4.666667 0.838141
4.700000 0.843841
4.733333 0.843813
4.766667 0.849802
4.800000 0.853457
4.833333 0.859659
4.866667 0.861622
4.900000 0.864828
4.933333 0.866631
4.966667 0.873806
5.000000 0.878436
5.033333 0.881279
5.066667 0.887717
5.100000 0.889197
5.133333 0.895251
5.166667 0.897028
5.200000 0.902853
5.233333 0.902172
5.266667 0.910038
5.300000 0.910530
5.333333 0.917642
5.366667 0.921823
5.400000 0.924744
5.433333 0.929913
5.466667 0.932759
5.500000 0.936894
5.533333 0.941855
5.566667 0.944835
5.600000 0.947487
5.633333 0.949476
5.666667 0.955703
5.700000 0.955484
5.733333 0.965660
5.766667 0.969525
5.800000 0.971906
5.833333 0.971010
5.866667 0.984032
5.900000 0.984065
5.933333 0.987972
5.966667 0.994089
6.000000 0.992353
6.033333 0.998051
6.066667 1.002544
6.100000 1.006802
6.133333 1.014209
6.166667 1.013908
6.200000 1.016005
6.233333 1.024181
6.266667 1.026930
6.300000 1.029091
6.333333 1.026871
6.366667 1.034881
6.400000 1.038892
6.433333 1.044382
6.466667 1.049339
6.500000 1.047867
6.533333 1.054363
6.566667 1.060840
6.600000 1.059365
6.633333 1.063763
6.666667 1.069068
6.700000 1.072558
6.733333 1.077093
6.766667 1.081918
6.800000 1.077779
6.833333 1.087190
6.866667 1.090310
6.900000 1.097789
6.933333 1.098814
6.966667 1.102652
7.000000 1.103822
7.033333 1.111329
7.066667 1.110178
7.100000 1.116513
7.133333 1.119818
7.166667 1.127403
7.200000 1.122744
7.233333 1.127942
7.266667 1.134305
7.300000 1.137943
7.333333 1.141527
7.366667 1.146408
7.400000 1.146444
7.433333 1.150587
7.466667 1.153242
7.500000 1.157706
7.533333 1.168111
7.566667 1.157496
7.600000 1.171656
7.633333 1.177548
7.666667 1.178573
7.700000 1.183924
7.733333 1.183140
7.766667 1.189863
7.800000 1.190690
7.833333 1.194133
7.866667 1.203112
7.900000 1.201340
7.933333 1.208917
7.966667 1.211088
8.000000 1.214847
8.033333 1.218349
8.066667 1.220748
8.100000 1.221052
8.133333 1.230106
8.166667 1.232834
8.200000 1.233117
8.233333 1.240114
8.266667 1.238994
8.300000 1.243220
8.333333 1.237941
8.366667 1.249981
8.400000 1.256275
8.433333 1.258552
8.466667 1.263123
8.500000 1.266020
8.533333 1.266922
8.566667 1.269768
8.600000 1.275066
8.633333 1.282814
8.666667 1.285966
8.700000 1.288818
8.733333 1.289734
8.766667 1.293329
8.800000 1.296032
8.833333 1.298582
8.866667 1.297389
8.900000 1.315102
8.933333 1.306093
8.966667 1.311775
9.000000 1.318856
9.033333 1.317909
9.066667 1.309675
9.100000 1.322188
9.133333 1.330067
9.166667 1.332242
9.200000 1.331837
9.233333 1.339028
9.266667 1.343179
9.300000 1.347840
9.333333 1.349689
9.366667 1.348626
9.400000 1.350942
9.433333 1.357728
9.466667 1.360246
9.500000 1.362120
9.533333 1.366234
9.566667 1.375123
9.600000 1.372260
9.633333 1.365481
9.666667 1.382998
9.700000 1.387022
9.733333 1.375354
9.766667 1.402136
9.800000 1.391434
9.833333 1.407631
9.866667 1.403739
9.900000 1.406925
9.933333 1.410702
9.966667 1.413417
10.000000 1.411578