0.000000 -0.000968
0.033333 0.000162
0.066667 -0.000815
0.100000 0.000075
0.133333 -0.000982
0.166667 -0.000484
0.200000 -0.000165
0.233333 -0.000049
0.266667 0.000146
0.300000 -0.000426
0.333333 -0.000101
0.366667 -0.000122
0.400000 -0.000068
0.433333 -0.000445
0.466667 0.000406
0.500000 0.000505
0.533333 -0.000645
0.566667 0.000382
0.600000 0.000179
0.633333 -0.000418
0.666667 0.000469
0.700000 0.000015
0.733333 -0.000039
0.766667 -0.001008
0.800000 -0.000136
0.833333 0.000011
0.866667 0.000506
0.900000 -0.000170
0.933333 -0.000263
0.966667 -0.000253
1.000000 0.000310
1.033333 0.000618
1.066667 0.000844
1.100000 0.000957
1.133333 -0.000338
1.166667 -0.000499
1.200000 -0.000517
1.233333 -0.000118
1.266667 -0.000329
1.300000 0.001137
1.333333 0.000206
1.366667 0.000482
1.400000 0.000511
1.433333 0.001110
1.466667 -0.000296
1.500000 0.000752
1.533333 -0.000193
1.566667 0.000510
1.600000 0.000334
1.633333 0.000422
1.666667 -0.000062
1.700000 0.000021
1.733333 -0.000612
1.766667 -0.000033
1.800000 -0.000524
1.833333 0.000188
1.866667 -0.000651
1.900000 -0.000477
1.933333 -0.000292
1.966667 0.000536
2.000000 0.000771
2.033333 0.000051
2.066667 -0.000155
2.100000 0.000129
2.133333 -0.000168
2.166667 -0.001308
2.200000 0.000281
2.233333 0.000452
2.266667 0.000221
2.300000 0.000691
2.333333 -0.000199
2.366667 0.000864
2.400000 0.000738
2.433333 -0.000617
2.466667 0.000161
2.500000 0.000346
2.533333 0.000218
2.566667 0.000775
2.600000 0.000424
2.633333 0.000257
2.666667 -0.000151
2.700000 0.000555
2.733333 0.001213
2.766667 0.000187
2.800000 0.000808
2.833333 -0.000990
2.866667 0.000665
2.900000 0.000071
2.933333 0.000231
2.966667 -0.000008
3.000000 0.000528
3.033333 -0.000285
3.066667 0.000008
3.100000 0.000081
3.133333 -0.000183
3.166667 0.000110
3.200000 0.000045
3.233333 0.000706
3.266667 0.000322
3.300000 0.000354
3.333333 0.000038
3.366667 -0.000744
3.400000 0.000281
3.433333 0.000075
3.466667 0.000339
3.500000 0.000557
3.533333 0.000633
3.566667 0.000926
3.600000 0.001142
3.633333 -0.000008
3.666667 0.000079
3.700000 0.000134
3.733333 -0.000623
3.766667 0.000760
3.800000 0.000192
3.833333 0.000090
3.866667 0.000512
3.900000 -0.000383
3.933333 0.001150
3.966667 -0.000211
4.000000 0.000325
4.033333 0.000187
4.066667 0.000695
4.100000 0.000304
4.133333 0.000492
4.166667 -0.000428
4.200000 -0.000145
4.233333 0.000020
4.266667 0.000523
4.300000 0.000235
4.333333 0.000404
4.366667 0.000609
4.400000 0.000389
4.433333 0.001049
4.466667 0.000779
4.500000 0.001382
4.533333 0.001351
4.566667 0.000917
4.600000 0.001000
4.633333 0.000677
4.666667 0.001412
4.700000 0.001316
4.733333 0.000826
4.766667 0.000794
4.800000 0.000712
4.833333 0.000909
4.866667 0.000759
4.900000 0.001028
4.933333 0.001860
4.966667 0.000851
5.000000 0.000500
5.033333 0.000850
5.066667 0.000427
5.100000 0.001315
5.133333 0.000451
5.166667 0.000616
5.200000 0.000180
5.233333 0.000133
5.266667 0.000796
5.300000 0.000970
5.333333 0.001151
5.366667 0.000715
5.400000 0.001175
5.433333 0.001249
5.466667 0.001569
5.500000 0.000944
5.533333 0.000524
5.566667 0.000760
5.600000 0.000767
5.633333 0.001310
5.666667 0.001143
5.700000 0.000953
5.733333 0.000425
5.766667 0.000544
5.800000 0.001298
5.833333 0.000746
5.866667 0.000452
5.900000 0.000577
5.933333 0.001043
5.966667 0.000468
6.000000 -0.000609
6.033333 -0.000130
6.066667 0.000241
6.100000 0.000200
6.133333 0.000110
6.166667 -0.001121
6.200000 -0.000232
6.233333 0.000197
6.266667 0.000198
6.300000 0.000275
6.333333 0.000110
6.366667 -0.000145
6.400000 0.000538
6.433333 -0.000124
6.466667 0.000176
6.500000 -0.000011
6.533333 0.000400
6.566667 0.000850
6.600000 0.000329
6.633333 -0.000680
6.666667 -0.000028
6.700000 0.000447
6.733333 -0.000048
6.766667 0.000135
6.800000 -0.000599
6.833333 -0.000363
6.866667 -0.001225
6.900000 0.000447
6.933333 -0.000512
6.966667 0.000223
7.000000 0.000054
7.033333 0.000071
7.066667 -0.000819
7.100000 0.000463
7.133333 0.000413
7.166667 -0.000148
7.200000 0.000045
7.233333 0.000502
7.266667 -0.000225
7.300000 -0.000194
7.333333 -0.000097
7.366667 -0.000164
7.400000 -0.000990
7.433333 -0.000690
7.466667 -0.000218
7.500000 0.000055
7.533333 0.000223
7.566667 0.000256
7.600000 0.000133
7.633333 0.000409
7.666667 0.000454
7.700000 0.000192
7.733333 0.000990
7.766667 0.000453
7.800000 0.000295
7.833333 0.001129
7.866667 0.001551
7.900000 0.000882
7.933333 0.001795
7.966667 0.002368
8.000000 0.001515
8.033333 0.001967
8.066667 0.001771
8.100000 0.002410
8.133333 0.002510
8.166667 0.002779
8.200000 0.002619
8.233333 0.002264
8.266667 0.001623
8.300000 0.002521
8.333333 0.002269
8.366667 0.002087
8.400000 0.002602
8.433333 0.002714
8.466667 0.003335
8.500000 0.003624
8.533333 0.001325
8.566667 0.002985
8.600000 0.002818
8.633333 0.003295
8.666667 0.003352
8.700000 0.003437
8.733333 0.002900
8.766667 0.001521
8.800000 0.002425
8.833333 0.002637
8.866667 0.002031
8.900000 0.002289
8.933333 0.001694
8.966667 0.001387
9.000000 0.001037
9.033333 0.001153
9.066667 0.001159
9.100000 0.001317
9.133333 0.001516
9.166667 0.001408
9.200000 0.000116
9.233333 0.000892
9.266667 0.001224
9.300000 0.001333
9.333333 0.001197
9.366667 0.000718
9.400000 0.000512
9.433333 0.000665
9.466667 0.000447
9.500000 0.000484
9.533333 -0.000110
9.566667 0.000867
9.600000 0.000839
9.633333 0.000728
9.666667 -0.000201
9.700000 0.001082
9.733333 0.000571
9.766667 0.000158
9.800000 0.001164
9.833333 0.000766
9.866667 0.001147
9.900000 0.001199
9.933333 0.000826
9.966667 0.001165
10.000000 0.000549