0.000000 4.507787
0.033583 4.509890
0.066917 4.509511
0.100000 4.503761
0.133333 4.509683
0.166917 4.506819
0.199733 0.000000
0.233583 4.508753
0.266400 4.506611
0.300250 4.208412
0.333583 4.507096
0.366917 4.507960
0.400000 4.030182
0.433333 4.507268
0.466400 4.032493
0.500250 4.506888
0.533333 4.509167
0.566667 4.506819
0.600000 4.030182
0.633583 4.506091
0.666667 4.508374
0.700000 4.204158
0.733333 4.507891
0.766667 4.034278
0.800250 4.508788
0.833333 2.898958
0.866667 4.507925
0.900000 4.521425
0.933067 2.830501
0.966400 4.510851
1.000250 4.508236
1.033333 4.505570
1.066667 4.031080
