 
График1 
-------------------
0.000000 -0.000968
0.033333 0.000162
0.066667 -0.000815
0.100000 0.000075
0.133333 -0.000982
0.166667 -0.000484
0.200000 -0.000165
0.233333 -0.000049
0.266667 0.000146
0.300000 -0.000426
0.333333 -0.000101
0.366667 -0.000122
0.400000 -0.000068
0.433333 -0.000445
0.466667 0.000406
0.500000 0.000505
0.533333 -0.000645
0.566667 0.000382
0.600000 0.000179
0.633333 -0.000418
0.666667 0.000469
0.700000 0.000015
0.733333 -0.000039
0.766667 -0.001008
0.800000 -0.000136
0.833333 0.000011
0.866667 0.000506
0.900000 -0.000170
0.933333 -0.000263
0.966667 -0.000253
1.000000 0.000310
1.033333 0.000618
1.066667 0.000844
1.100000 0.000957
1.133333 -0.000338
1.166667 -0.000499
1.200000 -0.000517
1.233333 -0.000118
1.266667 -0.000329
1.300000 0.001137
1.333333 0.000206
1.366667 0.000482
1.400000 0.000511
1.433333 0.001110
1.466667 -0.000296
1.500000 0.000752
1.533333 -0.000193
1.566667 0.000510
1.600000 0.000334
1.633333 0.000422
1.666667 -0.000062
1.700000 0.000021
1.733333 -0.000612
1.766667 -0.000033
1.800000 -0.000524
1.833333 0.000188
1.866667 -0.000651
1.900000 -0.000477
1.933333 -0.000292
1.966667 0.000536
2.000000 0.000771
2.033333 0.000051
2.066667 -0.000155
2.100000 0.000129
2.133333 -0.000168
2.166667 -0.001308
2.200000 0.000281
2.233333 0.000452
2.266667 0.000221
2.300000 0.000691
2.333333 -0.000199
2.366667 0.000864
2.400000 0.000738
2.433333 -0.000617
2.466667 0.000161
2.500000 0.000346
2.533333 0.000218
2.566667 0.000775
2.600000 0.000424
2.633333 0.000257
2.666667 -0.000151
2.700000 0.000555
2.733333 0.001213
2.766667 0.000187
2.800000 0.000808
2.833333 -0.000990
2.866667 0.000665
2.900000 0.000071
2.933333 0.000231
2.966667 -0.000008
3.000000 0.000528
3.033333 -0.000285
3.066667 0.000008
3.100000 0.000081
3.133333 -0.000183
3.166667 0.000110
3.200000 0.000045
3.233333 0.000706
3.266667 0.000322
3.300000 0.000354
3.333333 0.000038
3.366667 -0.000744
3.400000 0.000281
3.433333 0.000075
3.466667 0.000339
3.500000 0.000557
3.533333 0.000633
3.566667 0.000926
3.600000 0.001142
3.633333 -0.000008
3.666667 0.000079
3.700000 0.000134
3.733333 -0.000623
3.766667 0.000760
3.800000 0.000192
3.833333 0.000090
3.866667 0.000512
3.900000 -0.000383
3.933333 0.001150
3.966667 -0.000211
4.000000 0.000325
4.033333 0.000187
4.066667 0.000695
4.100000 0.000304
4.133333 0.000492
4.166667 -0.000428
4.200000 -0.000145
4.233333 0.000020
4.266667 0.000523
4.300000 0.000235
4.333333 0.000404
4.366667 0.000609
4.400000 0.000389
4.433333 0.001049
4.466667 0.000779
4.500000 0.001382
4.533333 0.001351
4.566667 0.000917
4.600000 0.001000
4.633333 0.000677
4.666667 0.001412
4.700000 0.001316
4.733333 0.000826
4.766667 0.000794
4.800000 0.000712
4.833333 0.000909
4.866667 0.000759
4.900000 0.001028
4.933333 0.001860
4.966667 0.000851
5.000000 0.000500
5.033333 0.000850
5.066667 0.000427
5.100000 0.001315
5.133333 0.000451
5.166667 0.000616
5.200000 0.000180
5.233333 0.000133
5.266667 0.000796
5.300000 0.000970
5.333333 0.001151
5.366667 0.000715
5.400000 0.001175
5.433333 0.001249
5.466667 0.001569
5.500000 0.000944
5.533333 0.000524
5.566667 0.000760
5.600000 0.000767
5.633333 0.001310
5.666667 0.001143
5.700000 0.000953
5.733333 0.000425
5.766667 0.000544
5.800000 0.001298
5.833333 0.000746
5.866667 0.000452
5.900000 0.000577
5.933333 0.001043
5.966667 0.000468
6.000000 -0.000609
6.033333 -0.000130
6.066667 0.000241
6.100000 0.000200
6.133333 0.000110
6.166667 -0.001121
6.200000 -0.000232
6.233333 0.000197
6.266667 0.000198
6.300000 0.000275
6.333333 0.000110
6.366667 -0.000145
6.400000 0.000538
6.433333 -0.000124
6.466667 0.000176
6.500000 -0.000011
6.533333 0.000400
6.566667 0.000850
6.600000 0.000329
6.633333 -0.000680
6.666667 -0.000028
6.700000 0.000447
6.733333 -0.000048
6.766667 0.000135
6.800000 -0.000599
6.833333 -0.000363
6.866667 -0.001225
6.900000 0.000447
6.933333 -0.000512
6.966667 0.000223
7.000000 0.000054
7.033333 0.000071
7.066667 -0.000819
7.100000 0.000463
7.133333 0.000413
7.166667 -0.000148
7.200000 0.000045
7.233333 0.000502
7.266667 -0.000225
7.300000 -0.000194
7.333333 -0.000097
7.366667 -0.000164
7.400000 -0.000990
7.433333 -0.000690
7.466667 -0.000218
7.500000 0.000055
7.533333 0.000223
7.566667 0.000256
7.600000 0.000133
7.633333 0.000409
7.666667 0.000454
7.700000 0.000192
7.733333 0.000990
7.766667 0.000453
7.800000 0.000295
7.833333 0.001129
7.866667 0.001551
7.900000 0.000882
7.933333 0.001795
7.966667 0.002368
8.000000 0.001515
8.033333 0.001967
8.066667 0.001771
8.100000 0.002410
8.133333 0.002510
8.166667 0.002779
8.200000 0.002619
8.233333 0.002264
8.266667 0.001623
8.300000 0.002521
8.333333 0.002269
8.366667 0.002087
8.400000 0.002602
8.433333 0.002714
8.466667 0.003335
8.500000 0.003624
8.533333 0.001325
8.566667 0.002985
8.600000 0.002818
8.633333 0.003295
8.666667 0.003352
8.700000 0.003437
8.733333 0.002900
8.766667 0.001521
8.800000 0.002425
8.833333 0.002637
8.866667 0.002031
8.900000 0.002289
8.933333 0.001694
8.966667 0.001387
9.000000 0.001037
9.033333 0.001153
9.066667 0.001159
9.100000 0.001317
9.133333 0.001516
9.166667 0.001408
9.200000 0.000116
9.233333 0.000892
9.266667 0.001224
9.300000 0.001333
9.333333 0.001197
9.366667 0.000718
9.400000 0.000512
9.433333 0.000665
9.466667 0.000447
9.500000 0.000484
9.533333 -0.000110
9.566667 0.000867
9.600000 0.000839
9.633333 0.000728
9.666667 -0.000201
9.700000 0.001082
9.733333 0.000571
9.766667 0.000158
9.800000 0.001164
9.833333 0.000766
9.866667 0.001147
9.900000 0.001199
9.933333 0.000826
9.966667 0.001165
10.000000 0.000549
 
График2 
-------------------
0.000000 0.191367
0.033333 0.198215
0.066667 0.203006
0.100000 0.209575
0.133333 0.215494
0.166667 0.221542
0.200000 0.227256
0.233333 0.233383
0.266667 0.238305
0.300000 0.244720
0.333333 0.249992
0.366667 0.255678
0.400000 0.260675
0.433333 0.265787
0.466667 0.271643
0.500000 0.276919
0.533333 0.282333
0.566667 0.287599
0.600000 0.293238
0.633333 0.298709
0.666667 0.303630
0.700000 0.309211
0.733333 0.314245
0.766667 0.318728
0.800000 0.324715
0.833333 0.328806
0.866667 0.334745
0.900000 0.339576
0.933333 0.344871
0.966667 0.349963
1.000000 0.355669
1.033333 0.360678
1.066667 0.365447
1.100000 0.370396
1.133333 0.374567
1.166667 0.379256
1.200000 0.385363
1.233333 0.390152
1.266667 0.394325
1.300000 0.399345
1.333333 0.404137
1.366667 0.408606
1.400000 0.414452
1.433333 0.419247
1.466667 0.423558
1.500000 0.429218
1.533333 0.433465
1.566667 0.437385
1.600000 0.443319
1.633333 0.447595
1.666667 0.452155
1.700000 0.456504
1.733333 0.461680
1.766667 0.466602
1.800000 0.471561
1.833333 0.476495
1.866667 0.481345
1.900000 0.485831
1.933333 0.490902
1.966667 0.495077
2.000000 0.499505
2.033333 0.503782
2.066667 0.507912
2.100000 0.513406
2.133333 0.517165
2.166667 0.522565
2.200000 0.527579
2.233333 0.531095
2.266667 0.535188
2.300000 0.539963
2.333333 0.545159
2.366667 0.550042
2.400000 0.553104
2.433333 0.558224
2.466667 0.562047
2.500000 0.567328
2.533333 0.571904
2.566667 0.575995
2.600000 0.580451
2.633333 0.584829
2.666667 0.589273
2.700000 0.593010
2.733333 0.598218
2.766667 0.602488
2.800000 0.607162
2.833333 0.611756
2.866667 0.615125
2.900000 0.620289
2.933333 0.623688
2.966667 0.628509
3.000000 0.633219
3.033333 0.637270
3.066667 0.641070
3.100000 0.645505
3.133333 0.651088
3.166667 0.654195
3.200000 0.659295
3.233333 0.663418
3.266667 0.667414
3.300000 0.670550
3.333333 0.675368
3.366667 0.678279
3.400000 0.684476
3.433333 0.686690
3.466667 0.693460
3.500000 0.697151
3.533333 0.701128
3.566667 0.705430
3.600000 0.708679
3.633333 0.714143
3.666667 0.716435
3.700000 0.720938
3.733333 0.724747
3.766667 0.729791
3.800000 0.735294
3.833333 0.737002
3.866667 0.742379
3.900000 0.745598
3.933333 0.750732
3.966667 0.754738
4.000000 0.758734
4.033333 0.762337
4.066667 0.765969
4.100000 0.769111
4.133333 0.775567
4.166667 0.777731
4.200000 0.781936
4.233333 0.787216
4.266667 0.788494
4.300000 0.795896
4.333333 0.799797
4.366667 0.805030
4.400000 0.807680
4.433333 0.811545
4.466667 0.813118
4.500000 0.818930
4.533333 0.824973
4.566667 0.825552
4.600000 0.830746
4.633333 0.835978
4.666667 0.838141
4.700000 0.843841
4.733333 0.843813
4.766667 0.849802
4.800000 0.853457
4.833333 0.859659
4.866667 0.861622
4.900000 0.864828
4.933333 0.866631
4.966667 0.873806
5.000000 0.878436
5.033333 0.881279
5.066667 0.887717
5.100000 0.889197
5.133333 0.895251
5.166667 0.897028
5.200000 0.902853
5.233333 0.902172
5.266667 0.910038
5.300000 0.910530
5.333333 0.917642
5.366667 0.921823
5.400000 0.924744
5.433333 0.929913
5.466667 0.932759
5.500000 0.936894
5.533333 0.941855
5.566667 0.944835
5.600000 0.947487
5.633333 0.949476
5.666667 0.955703
5.700000 0.955484
5.733333 0.965660
5.766667 0.969525
5.800000 0.971906
5.833333 0.971010
5.866667 0.984032
5.900000 0.984065
5.933333 0.987972
5.966667 0.994089
6.000000 0.992353
6.033333 0.998051
6.066667 1.002544
6.100000 1.006802
6.133333 1.014209
6.166667 1.013908
6.200000 1.016005
6.233333 1.024181
6.266667 1.026930
6.300000 1.029091
6.333333 1.026871
6.366667 1.034881
6.400000 1.038892
6.433333 1.044382
6.466667 1.049339
6.500000 1.047867
6.533333 1.054363
6.566667 1.060840
6.600000 1.059365
6.633333 1.063763
6.666667 1.069068
6.700000 1.072558
6.733333 1.077093
6.766667 1.081918
6.800000 1.077779
6.833333 1.087190
6.866667 1.090310
6.900000 1.097789
6.933333 1.098814
6.966667 1.102652
7.000000 1.103822
7.033333 1.111329
7.066667 1.110178
7.100000 1.116513
7.133333 1.119818
7.166667 1.127403
7.200000 1.122744
7.233333 1.127942
7.266667 1.134305
7.300000 1.137943
7.333333 1.141527
7.366667 1.146408
7.400000 1.146444
7.433333 1.150587
7.466667 1.153242
7.500000 1.157706
7.533333 1.168111
7.566667 1.157496
7.600000 1.171656
7.633333 1.177548
7.666667 1.178573
7.700000 1.183924
7.733333 1.183140
7.766667 1.189863
7.800000 1.190690
7.833333 1.194133
7.866667 1.203112
7.900000 1.201340
7.933333 1.208917
7.966667 1.211088
8.000000 1.214847
8.033333 1.218349
8.066667 1.220748
8.100000 1.221052
8.133333 1.230106
8.166667 1.232834
8.200000 1.233117
8.233333 1.240114
8.266667 1.238994
8.300000 1.243220
8.333333 1.237941
8.366667 1.249981
8.400000 1.256275
8.433333 1.258552
8.466667 1.263123
8.500000 1.266020
8.533333 1.266922
8.566667 1.269768
8.600000 1.275066
8.633333 1.282814
8.666667 1.285966
8.700000 1.288818
8.733333 1.289734
8.766667 1.293329
8.800000 1.296032
8.833333 1.298582
8.866667 1.297389
8.900000 1.315102
8.933333 1.306093
8.966667 1.311775
9.000000 1.318856
9.033333 1.317909
9.066667 1.309675
9.100000 1.322188
9.133333 1.330067
9.166667 1.332242
9.200000 1.331837
9.233333 1.339028
9.266667 1.343179
9.300000 1.347840
9.333333 1.349689
9.366667 1.348626
9.400000 1.350942
9.433333 1.357728
9.466667 1.360246
9.500000 1.362120
9.533333 1.366234
9.566667 1.375123
9.600000 1.372260
9.633333 1.365481
9.666667 1.382998
9.700000 1.387022
9.733333 1.375354
9.766667 1.402136
9.800000 1.391434
9.833333 1.407631
9.866667 1.403739
9.900000 1.406925
9.933333 1.410702
9.966667 1.413417
10.000000 1.411578
 
График3 
-------------------
0.000000 0.261117
0.033333 0.270765
0.066667 0.281878
0.100000 0.293331
0.133333 0.302071
0.166667 0.310008
0.200000 0.319178
0.233333 0.329175
0.266667 0.338343
0.300000 0.348092
0.333333 0.357196
0.366667 0.365778
0.400000 0.374480
0.433333 0.384488
0.466667 0.393282
0.500000 0.401553
0.533333 0.409987
0.566667 0.419000
0.600000 0.427746
0.633333 0.436277
0.666667 0.445839
0.700000 0.454384
0.733333 0.460917
0.766667 0.468151
0.800000 0.476494
0.833333 0.484689
0.866667 0.492897
0.900000 0.500970
0.933333 0.508978
0.966667 0.516412
1.000000 0.524917
1.033333 0.531814
1.066667 0.539727
1.100000 0.546775
1.133333 0.555440
1.166667 0.563077
1.200000 0.570300
1.233333 0.579503
1.266667 0.588682
1.300000 0.597424
1.333333 0.606285
1.366667 0.613515
1.400000 0.621559
1.433333 0.628636
1.466667 0.635675
1.500000 0.641187
1.533333 0.648597
1.566667 0.654846
1.600000 0.663421
1.633333 0.670313
1.666667 0.677487
1.700000 0.686159
1.733333 0.693140
1.766667 0.699985
1.800000 0.706913
1.833333 0.713058
1.866667 0.721069
1.900000 0.728296
1.933333 0.735538
1.966667 0.743282
2.000000 0.750022
2.033333 0.758312
2.066667 0.764713
2.100000 0.771576
2.133333 0.779278
2.166667 0.786849
2.200000 0.793358
2.233333 0.798406
2.266667 0.804574
2.300000 0.814737
2.333333 0.822809
2.366667 0.827960
2.400000 0.835318
2.433333 0.842444
2.466667 0.848389
2.500000 0.854396
2.533333 0.862346
2.566667 0.869129
2.600000 0.877184
2.633333 0.884077
2.666667 0.891348
2.700000 0.896536
2.733333 0.905056
2.766667 0.911655
2.800000 0.917292
2.833333 0.924962
2.866667 0.931727
2.900000 0.937763
2.933333 0.943736
2.966667 0.954439
3.000000 0.958884
3.033333 0.964955
3.066667 0.973388
3.100000 0.979891
3.133333 0.987135
3.166667 0.992455
3.200000 0.999348
3.233333 1.003160
3.266667 1.013078
3.300000 1.025554
3.333333 1.026232
3.366667 1.032652
3.400000 1.039143
3.433333 1.047266
3.466667 1.053910
3.500000 1.057808
3.533333 1.060139
3.566667 1.073498
3.600000 1.077952
3.633333 1.086291
3.666667 1.094401
3.700000 1.097376
3.733333 1.107440
3.766667 1.113124
3.800000 1.119103
3.833333 1.125311
3.866667 1.130123
3.900000 1.130971
3.933333 1.145629
3.966667 1.149284
4.000000 1.158128
4.033333 1.162713
4.066667 1.172238
4.100000 1.177616
4.133333 1.182913
4.166667 1.188421
4.200000 1.198791
4.233333 1.211253
4.266667 1.207444
4.300000 1.216120
4.333333 1.215481
4.366667 1.228306
4.400000 1.233779
4.433333 1.245155
4.466667 1.252016
4.500000 1.255448
4.533333 1.261655
4.566667 1.269062
4.600000 1.275203
4.633333 1.280292
4.666667 1.276895
4.700000 1.292865
4.733333 1.287631
4.766667 1.306152
4.800000 1.296575
4.833333 1.317906
4.866667 1.327391
4.900000 1.329970
4.933333 1.336828
4.966667 1.332480
5.000000 1.348830
5.033333 1.350512
5.066667 1.362519
5.100000 1.366926
5.133333 1.368367
5.166667 1.390893
5.200000 1.371477
5.233333 1.401414
5.266667 1.400812
5.300000 1.385841
5.333333 1.409999
5.366667 1.421184
5.400000 1.421091
5.433333 1.425429
5.466667 1.434144
5.500000 1.443509
5.533333 1.444379
5.566667 1.445715
5.600000 1.457083
5.633333 1.474633
5.666667 1.455957
5.700000 1.474616
5.733333 1.489802
5.766667 1.485143
5.800000 1.486904
5.833333 1.493032
5.866667 1.512335
5.900000 1.503827
5.933333 1.506131
5.966667 1.522526
6.000000 1.521375
6.033333 1.521353
6.066667 1.540344
6.100000 1.538840
6.133333 1.525534
6.166667 1.551827
6.200000 1.571036
6.233333 1.563523
6.266667 1.552617
6.300000 1.592028
6.333333 1.593209
6.366667 1.604598
6.400000 1.592337
6.433333 1.597464
6.466667 1.611077
6.500000 1.642064
6.533333 1.611974
6.566667 1.602945
6.600000 1.642623
6.633333 1.638972
6.666667 1.643880
6.700000 1.651944
6.733333 1.656516
6.766667 1.662541
6.800000 1.669017
6.833333 1.638377
6.866667 1.648596
6.900000 1.658069
6.933333 1.691753
6.966667 1.690022
7.000000 1.704342
7.033333 1.711262
7.066667 1.685599
7.100000 1.711488
7.133333 1.725468
7.166667 1.721823
7.200000 1.737897
7.233333 1.736660
7.266667 1.753169
7.300000 1.744407
7.333333 1.750489
7.366667 1.780717
7.400000 1.793303
7.433333 1.736197
7.466667 1.769508
7.500000 1.797055
7.533333 1.794425
7.566667 1.808927
7.600000 1.795119
7.633333 1.806068
7.666667 1.836797
7.700000 1.808840
7.733333 1.820184
7.766667 1.838111
7.800000 1.803568
7.833333 1.844840
7.866667 1.852426
7.900000 1.842883
7.933333 1.862648
7.966667 1.808971
8.000000 1.872511
8.033333 1.881869
8.066667 1.870201
8.100000 1.889178
8.133333 1.877710
8.166667 1.889679
8.200000 1.892225
8.233333 1.899290
8.266667 1.955267
8.300000 1.936414
8.333333 1.928194
8.366667 1.958702
8.400000 1.867033
8.433333 1.933650
8.466667 1.942380
8.500000 1.954094
8.533333 2.000125
8.566667 1.989499
8.600000 1.914011
8.633333 1.931464
8.666667 1.939465
8.700000 1.970355
8.733333 1.977018
8.766667 2.002256
8.800000 2.006515
8.833333 2.026017
8.866667 1.959355
8.900000 2.005612
8.933333 2.030749
8.966667 2.016331
9.000000 2.038220
9.033333 2.087543
9.066667 2.053106
9.100000 2.037160
9.133333 2.038015
9.166667 2.069441
9.200000 2.048631
9.233333 2.050775
9.266667 2.136982
9.300000 2.028560
9.333333 2.070323
9.366667 2.175749
9.400000 2.052122
9.433333 2.122778
9.466667 2.116704
9.500000 2.104306
9.533333 2.127769
9.566667 2.107977
9.600000 2.153942
9.633333 2.139163
9.666667 2.152785
9.700000 2.178499
9.733333 2.211049
9.766667 2.166591
9.800000 2.174264
9.833333 2.179123
9.866667 2.210142
9.900000 2.180942
9.933333 2.188818
9.966667 2.163561
10.000000 2.172963
 
График4 
-------------------
0.000000 0.376799
0.033333 0.389565
0.066667 0.401758
0.100000 0.413679
0.133333 0.427241
0.166667 0.439933
0.200000 0.452589
0.233333 0.464619
0.266667 0.476906
0.300000 0.489473
0.333333 0.501193
0.366667 0.515038
0.400000 0.527565
0.433333 0.538355
0.466667 0.550496
0.500000 0.561014
0.533333 0.572465
0.566667 0.583797
0.600000 0.596252
0.633333 0.607121
0.666667 0.618984
0.700000 0.630243
0.733333 0.641969
0.766667 0.653497
0.800000 0.663707
0.833333 0.675455
0.866667 0.684732
0.900000 0.697184
0.933333 0.709166
0.966667 0.719334
1.000000 0.730327
1.033333 0.739975
1.066667 0.750988
1.100000 0.761522
1.133333 0.772067
1.166667 0.782584
1.200000 0.789456
1.233333 0.802660
1.266667 0.811939
1.300000 0.819164
1.333333 0.832940
1.366667 0.843711
1.400000 0.853394
1.433333 0.862753
1.466667 0.869623
1.500000 0.884059
1.533333 0.893413
1.566667 0.901340
1.600000 0.912297
1.633333 0.921893
1.666667 0.934549
1.700000 0.943023
1.733333 0.957819
1.766667 0.963051
1.800000 0.973126
1.833333 0.978562
1.866667 0.991738
1.900000 1.001028
1.933333 1.007878
1.966667 1.019757
2.000000 1.029604
2.033333 1.040935
2.066667 1.044038
2.100000 1.063150
2.133333 1.069459
2.166667 1.080051
2.200000 1.088555
2.233333 1.098666
2.266667 1.101030
2.300000 1.115051
2.333333 1.127552
2.366667 1.129533
2.400000 1.141544
2.433333 1.153875
2.466667 1.163212
2.500000 1.171014
2.533333 1.182244
2.566667 1.193757
2.600000 1.202429
2.633333 1.210869
2.666667 1.219423
2.700000 1.232562
2.733333 1.236088
2.766667 1.247488
2.800000 1.256383
2.833333 1.263974
2.866667 1.280175
2.900000 1.279805
2.933333 1.296400
2.966667 1.297415
3.000000 1.307422
3.033333 1.315981
3.066667 1.340062
3.100000 1.349362
3.133333 1.342470
3.166667 1.352609
3.200000 1.366811
3.233333 1.367759
3.266667 1.379639
3.300000 1.388797
3.333333 1.398808
3.366667 1.409520
3.400000 1.421505
3.433333 1.414566
3.466667 1.437598
3.500000 1.441326
3.533333 1.456574
3.566667 1.477326
3.600000 1.469655
3.633333 1.488153
3.666667 1.493711
3.700000 1.495916
3.733333 1.506376
3.766667 1.512862
3.800000 1.522699
3.833333 1.516207
3.866667 1.540131
3.900000 1.548468
3.933333 1.569159
3.966667 1.564137
4.000000 1.601238
4.033333 1.587509
4.066667 1.577953
4.100000 1.577174
4.133333 1.613831
4.166667 1.617749
4.200000 1.600464
4.233333 1.646095
4.266667 1.651938
4.300000 1.660473
4.333333 1.670964
4.366667 1.687899
4.400000 1.657131
4.433333 1.686304
4.466667 1.707270
4.500000 1.671577
4.533333 1.723946
4.566667 1.730901
4.600000 1.729234
4.633333 1.745248
4.666667 1.757258
4.700000 1.764700
4.733333 1.788345
4.766667 1.787894
4.800000 1.792725
4.833333 1.788837
4.866667 1.814283
4.900000 1.819132
4.933333 1.826738
4.966667 1.833266
5.000000 1.878217
5.033333 1.812600
5.066667 1.847209
5.100000 1.882612
5.133333 1.864625
5.166667 1.856201
5.200000 1.879807
5.233333 1.887072
5.266667 1.916912
5.300000 1.977715
5.333333 1.928689
5.366667 1.871854
5.400000 1.946133
5.433333 1.935353
5.466667 1.962501
5.500000 1.924802
5.533333 1.961018
5.566667 1.998299
5.600000 1.995293
5.633333 1.982709
5.666667 1.998388
5.700000 2.041733
5.733333 2.047992
5.766667 2.019875
5.800000 2.048929
5.833333 1.969511
5.866667 2.062225
5.900000 2.064454
5.933333 2.008127
5.966667 2.091088
6.000000 2.099491
6.033333 2.154844
6.066667 2.148984
6.100000 2.123241
6.133333 2.222636
6.166667 2.141642
6.200000 2.149127
6.233333 2.161459
6.266667 2.166649
6.300000 2.146704
6.333333 2.153969
6.366667 2.158939
6.400000 2.192447
6.433333 2.207444
6.466667 2.096618
6.500000 2.192633
6.533333 2.236127
6.566667 2.250070
6.600000 2.221167
6.633333 2.264947
6.666667 2.226216
6.700000 2.239640
6.733333 2.275743
6.766667 2.319139
6.800000 2.354974
6.833333 2.379036
6.866667 2.270046
6.900000 2.285824
6.933333 2.282837
6.966667 2.336321
7.000000 2.433898
7.033333 2.319159
7.066667 2.369750
7.100000 2.376516
7.133333 2.352355
7.166667 2.397017
7.200000 2.259990
7.233333 2.362541
7.266667 2.238438
7.300000 2.543688
7.333333 2.432658
7.366667 2.389890
7.400000 2.396557
7.433333 2.451727
7.466667 2.435827
7.500000 2.454230
7.533333 2.415335
7.566667 2.353780
7.600000 2.455476
7.633333 2.724488
7.666667 2.729969
7.700000 2.521128
7.733333 2.468197
7.766667 2.531192
7.800000 2.531712
7.833333 2.492954
7.866667 2.510582
7.900000 2.526793
7.933333 2.513972
7.966667 2.581569
8.000000 2.892196
8.033333 2.599973
8.066667 2.534458
8.100000 2.621655
8.133333 2.642456
8.166667 2.560149
8.200000 2.657470
8.233333 2.656781
8.266667 2.692518
8.300000 2.672540
8.333333 2.614000
8.366667 2.411761
8.400000 2.829787
8.433333 2.621469
8.466667 2.632642
8.500000 2.708628
8.533333 2.709692
8.566667 2.630439
8.600000 2.730342
8.633333 2.648376
8.666667 2.754455
8.700000 2.766698
8.733333 2.686075
8.766667 2.712039
8.800000 2.895063
8.833333 2.483145
8.866667 2.681263
8.900000 3.141998
8.933333 2.728605
8.966667 2.935559
9.000000 2.737429
9.033333 2.738797
9.066667 2.871798
9.100000 2.871005
9.133333 3.038564
9.166667 2.749313
9.200000 2.935624
9.233333 2.574690
9.266667 4.512495
9.300000 2.721685
9.333333 2.788945
9.366667 2.741594
9.400000 2.924639
9.433333 2.630544
9.466667 2.985874
9.500000 2.857369
9.533333 2.701469
9.566667 2.840825
9.600000 2.913297
9.633333 2.822987
9.666667 3.417127
9.700000 2.685152
9.733333 4.500686
9.766667 3.124907
9.800000 3.072013
9.833333 3.099153
9.866667 3.500259
9.900000 2.888126
9.933333 2.702285
9.966667 3.104563
10.000000 3.027545
 
График5 
-------------------
0.000000 0.358898
0.033333 0.370748
0.066667 0.382044
0.100000 0.393777
0.133333 0.406714
0.166667 0.418422
0.200000 0.431002
0.233333 0.442309
0.266667 0.453931
0.300000 0.464580
0.333333 0.476845
0.366667 0.488205
0.400000 0.498194
0.433333 0.509916
0.466667 0.521111
0.500000 0.531849
0.533333 0.543815
0.566667 0.554268
0.600000 0.565528
0.633333 0.576400
0.666667 0.586735
0.700000 0.597072
0.733333 0.609309
0.766667 0.618010
0.800000 0.630166
0.833333 0.640574
0.866667 0.652706
0.900000 0.661670
0.933333 0.671497
0.966667 0.681592
1.000000 0.692893
1.033333 0.701249
1.066667 0.712697
1.100000 0.721885
1.133333 0.733096
1.166667 0.742985
1.200000 0.752018
1.233333 0.762847
1.266667 0.772413
1.300000 0.783747
1.333333 0.791998
1.366667 0.802945
1.400000 0.811099
1.433333 0.819334
1.466667 0.832076
1.500000 0.837091
1.533333 0.853353
1.566667 0.860959
1.600000 0.870035
1.633333 0.880435
1.666667 0.890659
1.700000 0.899356
1.733333 0.908470
1.766667 0.918951
1.800000 0.928462
1.833333 0.938271
1.866667 0.947830
1.900000 0.953878
1.933333 0.967858
1.966667 0.977222
2.000000 0.985243
2.033333 0.989154
2.066667 1.003086
2.100000 1.013457
2.133333 1.021479
2.166667 1.030084
2.200000 1.040892
2.233333 1.052233
2.266667 1.062764
2.300000 1.077491
2.333333 1.080124
2.366667 1.089750
2.400000 1.099431
2.433333 1.106572
2.466667 1.114281
2.500000 1.123468
2.533333 1.133139
2.566667 1.141859
2.600000 1.145340
2.633333 1.161857
2.666667 1.170452
2.700000 1.185057
2.733333 1.188235
2.766667 1.195481
2.800000 1.206213
2.833333 1.212715
2.866667 1.221913
2.900000 1.229896
2.933333 1.237852
2.966667 1.251852
3.000000 1.257521
3.033333 1.273646
3.066667 1.267697
3.100000 1.289795
3.133333 1.297208
3.166667 1.313648
3.200000 1.309502
3.233333 1.317824
3.266667 1.329808
3.300000 1.342613
3.333333 1.335774
3.366667 1.364141
3.400000 1.354492
3.433333 1.380397
3.466667 1.367183
3.500000 1.388602
3.533333 1.400502
3.566667 1.412834
3.600000 1.416972
3.633333 1.429401
3.666667 1.427873
3.700000 1.448042
3.733333 1.431271
3.766667 1.460661
3.800000 1.459865
3.833333 1.476375
3.866667 1.477725
3.900000 1.487396
3.933333 1.496073
3.966667 1.484955
4.000000 1.516381
4.033333 1.535039
4.066667 1.529266
4.100000 1.550406
4.133333 1.555735
4.166667 1.551515
4.200000 1.542914
4.233333 1.569263
4.266667 1.576772
4.300000 1.583961
4.333333 1.618645
4.366667 1.576535
4.400000 1.607434
4.433333 1.619042
4.466667 1.614854
4.500000 1.633215
4.533333 1.641197
4.566667 1.650631
4.600000 1.629323
4.633333 1.679881
4.666667 1.672857
4.700000 1.691213
4.733333 1.688144
4.766667 1.707604
4.800000 1.714184
4.833333 1.751834
4.866667 1.731509
4.900000 1.741021
4.933333 1.746999
4.966667 1.739828
5.000000 1.749524
5.033333 1.766570
5.066667 1.787536
5.100000 1.772862
5.133333 1.783322
5.166667 1.801365
5.200000 1.797635
5.233333 1.827273
5.266667 1.795556
5.300000 1.796380
5.333333 1.835650
5.366667 1.824006
5.400000 1.878692
5.433333 1.858806
5.466667 1.830090
5.500000 1.905736
5.533333 1.932516
5.566667 1.884299
5.600000 1.903021
5.633333 1.899640
5.666667 1.927192
5.700000 1.929333
5.733333 1.923768
5.766667 1.943277
5.800000 1.953375
5.833333 1.991658
5.866667 2.013262
5.900000 1.973706
5.933333 1.913431
5.966667 1.970639
6.000000 1.981456
6.033333 1.989464
6.066667 1.998748
6.100000 1.978760
6.133333 2.084610
6.166667 1.970696
6.200000 2.044628
6.233333 2.029378
6.266667 2.038538
6.300000 2.071757
6.333333 2.053268
6.366667 2.085139
6.400000 2.094904
6.433333 2.077376
6.466667 2.085808
6.500000 2.108936
6.533333 2.101473
6.566667 2.134840
6.600000 2.141064
6.633333 2.120723
6.666667 2.124455
6.700000 2.156570
6.733333 2.230223
6.766667 2.072674
6.800000 2.176518
6.833333 2.166124
6.866667 2.238646
6.900000 2.182442
6.933333 2.176843
6.966667 2.204948
7.000000 2.240520
7.033333 2.277301
7.066667 2.330713
7.100000 2.194762
7.133333 2.196482
7.166667 2.267316
7.200000 2.286759
7.233333 2.283583
7.266667 2.209762
7.300000 2.298906
7.333333 2.305775
7.366667 2.272522
7.400000 2.308997
7.433333 2.286001
7.466667 2.312259
7.500000 2.297580
7.533333 2.444136
7.566667 2.315893
7.600000 2.442378
7.633333 2.375890
7.666667 2.344167
7.700000 2.394668
7.733333 2.344644
7.766667 2.577744
7.800000 2.242335
7.833333 2.357737
7.866667 2.331097
7.900000 2.435083
7.933333 2.493868
7.966667 2.397909
8.000000 2.460146
8.033333 2.272124
8.066667 2.420785
8.100000 2.392321
8.133333 2.491306
8.166667 2.439741
8.200000 2.434417
8.233333 2.465599
8.266667 2.459480
8.300000 2.453302
8.333333 2.549650
8.366667 2.566190
8.400000 2.477848
8.433333 2.450792
8.466667 2.840059
8.500000 2.578014
8.533333 2.512997
8.566667 2.509872
8.600000 2.515751
8.633333 2.613510
8.666667 2.611910
8.700000 2.603001
8.733333 2.620913
8.766667 2.557013
8.800000 2.497109
8.833333 2.637656
8.866667 2.556960
8.900000 2.691091
8.933333 2.593143
8.966667 2.571636
9.000000 2.654865
9.033333 2.713779
9.066667 2.586821
9.100000 2.654033
9.133333 2.717342
9.166667 2.715233
9.200000 2.732922
9.233333 2.634415
9.266667 2.643288
9.300000 2.870386
9.333333 2.629864
9.366667 3.037002
9.400000 2.692830
9.433333 2.739322
9.466667 2.594250
9.500000 2.664632
9.533333 2.457256
9.566667 2.900393
9.600000 2.775082
9.633333 2.845327
9.666667 2.825403
9.700000 2.841634
9.733333 2.735840
9.766667 2.939273
9.800000 4.493912
9.833333 2.686200
9.866667 2.680975
9.900000 2.837287
9.933333 2.812749
9.966667 2.771820
10.000000 2.936012
 
График6 
-------------------
0.000000 0.428027
0.033333 0.439714
0.066667 0.452252
0.100000 0.463707
0.133333 0.476100
0.166667 0.486542
0.200000 0.498344
0.233333 0.509715
0.266667 0.521446
0.300000 0.533876
0.333333 0.545254
0.366667 0.557254
0.400000 0.568541
0.433333 0.580573
0.466667 0.591513
0.500000 0.603040
0.533333 0.615508
0.566667 0.626148
0.600000 0.637615
0.633333 0.649469
0.666667 0.660911
0.700000 0.671867
0.733333 0.682874
0.766667 0.694060
0.800000 0.704924
0.833333 0.716002
0.866667 0.726391
0.900000 0.738073
0.933333 0.747840
0.966667 0.758897
1.000000 0.767216
1.033333 0.778983
1.066667 0.789087
1.100000 0.801423
1.133333 0.813249
1.166667 0.821572
1.200000 0.831835
1.233333 0.842765
1.266667 0.851729
1.300000 0.862699
1.333333 0.869068
1.366667 0.883906
1.400000 0.892793
1.433333 0.904078
1.466667 0.910456
1.500000 0.924219
1.533333 0.932973
1.566667 0.946271
1.600000 0.955237
1.633333 0.962759
1.666667 0.969211
1.700000 0.984975
1.733333 0.992068
1.766667 1.001500
1.800000 1.017196
1.833333 1.023404
1.866667 1.032409
1.900000 1.044349
1.933333 1.054223
1.966667 1.061222
2.000000 1.071113
2.033333 1.084281
2.066667 1.087867
2.100000 1.098297
2.133333 1.111301
2.166667 1.119169
2.200000 1.126117
2.233333 1.136190
2.266667 1.147971
2.300000 1.154318
2.333333 1.164647
2.366667 1.177330
2.400000 1.185085
2.433333 1.196535
2.466667 1.206730
2.500000 1.216000
2.533333 1.214863
2.566667 1.232475
2.600000 1.244246
2.633333 1.253203
2.666667 1.267076
2.700000 1.262876
2.733333 1.278992
2.766667 1.291641
2.800000 1.296600
2.833333 1.301602
2.866667 1.320046
2.900000 1.327727
2.933333 1.336750
2.966667 1.344160
3.000000 1.358849
3.033333 1.368733
3.066667 1.377262
3.100000 1.381737
3.133333 1.389421
3.166667 1.390764
3.200000 1.407794
3.233333 1.423213
3.266667 1.423752
3.300000 1.436308
3.333333 1.453444
3.366667 1.459686
3.400000 1.467810
3.433333 1.467770
3.466667 1.480489
3.500000 1.502335
3.533333 1.503082
3.566667 1.506349
3.600000 1.508235
3.633333 1.530163
3.666667 1.533119
3.700000 1.542365
3.733333 1.568050
3.766667 1.570446
3.800000 1.567580
3.833333 1.584997
3.866667 1.586671
3.900000 1.602002
3.933333 1.629253
3.966667 1.620195
4.000000 1.640436
4.033333 1.646087
4.066667 1.645784
4.100000 1.647815
4.133333 1.663772
4.166667 1.663312
4.200000 1.686703
4.233333 1.682250
4.266667 1.676755
4.300000 1.694603
4.333333 1.707139
4.366667 1.726259
4.400000 1.751709
4.433333 1.746103
4.466667 1.739781
4.500000 1.761330
4.533333 1.767678
4.566667 1.787730
4.600000 1.781433
4.633333 1.782577
4.666667 1.811382
4.700000 1.814444
4.733333 1.810852
4.766667 1.812836
4.800000 1.871339
4.833333 1.844856
4.866667 1.813584
4.900000 1.843471
4.933333 1.856374
4.966667 1.887109
5.000000 1.871547
5.033333 1.893517
5.066667 1.888314
5.100000 1.868770
5.133333 1.914766
5.166667 1.943819
5.200000 1.924267
5.233333 1.974571
5.266667 1.939561
5.300000 1.950025
5.333333 1.956289
5.366667 1.998324
5.400000 1.985800
5.433333 1.977933
5.466667 2.004944
5.500000 2.017481
5.533333 2.019293
5.566667 2.034035
5.600000 2.088513
5.633333 2.030420
5.666667 2.028460
5.700000 2.016269
5.733333 1.981317
5.766667 2.055897
5.800000 2.127860
5.833333 2.073226
5.866667 2.100382
5.900000 2.116056
5.933333 2.098288
5.966667 2.037650
6.000000 2.188352
6.033333 2.119645
6.066667 2.193021
6.100000 2.173824
6.133333 2.146652
6.166667 2.187090
6.200000 2.159485
6.233333 2.218532
6.266667 2.172525
6.300000 2.180587
6.333333 2.194004
6.366667 2.260757
6.400000 2.205549
6.433333 2.189931
6.466667 2.200087
6.500000 2.231749
6.533333 2.256589
6.566667 2.287009
6.600000 2.276161
6.633333 2.341089
6.666667 2.401210
6.700000 2.205090
6.733333 2.293408
6.766667 2.331419
6.800000 2.206135
6.833333 2.369221
6.866667 2.415833
6.900000 2.401682
6.933333 2.330401
6.966667 2.336210
7.000000 2.464979
7.033333 2.227413
7.066667 2.397847
7.100000 2.412392
7.133333 2.416164
7.166667 2.414380
7.200000 2.350477
7.233333 2.449325
7.266667 2.450218
7.300000 2.650226
7.333333 2.275399
7.366667 2.424880
7.400000 2.452384
7.433333 2.441526
7.466667 2.368081
7.500000 2.509228
7.533333 2.454368
7.566667 2.574830
7.600000 2.542080
7.633333 2.549044
7.666667 2.332076
7.700000 2.506324
7.733333 2.492519
7.766667 2.573081
7.800000 2.568801
7.833333 2.554791
7.866667 2.513462
7.900000 2.523109
7.933333 2.676988
7.966667 2.412429
8.000000 2.546598
8.033333 2.643593
8.066667 2.719058
8.100000 2.660333
8.133333 2.667909
8.166667 2.849572
8.200000 2.690465
8.233333 2.675558
8.266667 2.936786
8.300000 2.750042
8.333333 2.445878
8.366667 2.516127
8.400000 2.622263
8.433333 2.947354
8.466667 2.564236
8.500000 2.751912
8.533333 2.985296
8.566667 2.780804
8.600000 2.891635
8.633333 2.782573
8.666667 2.695495
8.700000 2.507614
8.733333 2.775324
8.766667 2.821080
8.800000 2.693455
8.833333 2.865611
8.866667 2.840305
8.900000 2.827586
8.933333 2.832460
8.966667 2.533310
9.000000 2.857955
9.033333 2.800493
9.066667 2.853364
9.100000 2.882504
9.133333 3.072261
9.166667 3.109353
9.200000 3.245256
9.233333 2.884181
9.266667 2.986605
9.300000 2.616153
9.333333 4.491223
9.366667 3.222450
9.400000 2.828717
9.433333 2.907245
9.466667 3.061837
9.500000 3.062388
9.533333 4.026903
9.566667 2.695350
9.600000 2.859965
9.633333 4.204332
9.666667 2.792129
9.700000 3.047113
9.733333 2.575456
9.766667 2.915304
9.800000 3.107352
9.833333 2.644084
9.866667 3.070448
9.900000 2.914019
9.933333 2.728356
9.966667 2.937473
10.000000 3.096117
 
График7 
-------------------
0.000000 4.507787
0.033583 4.509890
0.066917 4.509511
0.100000 4.503761
0.133333 4.509683
0.166917 4.506819
0.199733 0.000000
0.233583 4.508753
0.266400 4.506611
0.300250 4.208412
0.333583 4.507096
0.366917 4.507960
0.400000 4.030182
0.433333 4.507268
0.466400 4.032493
0.500250 4.506888
0.533333 4.509167
0.566667 4.506819
0.600000 4.030182
0.633583 4.506091
0.666667 4.508374
0.700000 4.204158
0.733333 4.507891
0.766667 4.034278
0.800250 4.508788
0.833333 2.898958
0.866667 4.507925
0.900000 4.521425
0.933067 2.830501
0.966400 4.510851
1.000250 4.508236
1.033333 4.505570
1.066667 4.031080
