200.000000 3.353804
201.000000 2.477363
202.000000 2.893866
203.000000 3.220968
204.000000 2.874274
205.000000 2.816160
206.000000 2.966764
207.000000 3.040032
208.000000 3.203927
209.000000 3.283013
210.000000 3.255393
211.000000 3.260389
212.000000 3.125631
213.000000 3.094342
214.000000 3.148562
215.000000 3.175911
216.000000 3.200103
217.000000 3.215531
218.000000 3.417748
219.000000 3.462444
220.000000 3.447330
221.000000 3.273990
222.000000 3.281758
223.000000 3.369571
224.000000 3.535854
225.000000 3.888316
226.000000 4.099824
227.000000 4.191696
228.000000 3.799597
229.000000 3.737966
230.000000 4.057782
231.000000 4.260207
232.000000 4.348445
233.000000 4.344017
234.000000 4.350149
235.000000 3.797831
236.000000 3.707179
237.000000 4.031409
238.000000 4.222196
239.000000 3.726004
240.000000 3.637929
241.000000 3.692417
242.000000 3.583467
243.000000 3.409492
244.000000 3.442394
245.000000 3.659472
246.000000 3.390578
247.000000 3.291115
248.000000 3.509278
249.000000 3.164339
250.000000 2.844909
251.000000 2.565317
252.000000 2.343226
253.000000 2.193918
254.000000 2.028765
255.000000 1.912815
256.000000 1.806348
257.000000 1.715512
258.000000 1.665958
259.000000 1.633277
260.000000 1.617771
261.000000 1.620305
262.000000 1.638598
263.000000 1.668428
264.000000 1.708642
265.000000 1.754820
266.000000 1.805238
267.000000 1.853551
268.000000 1.902638
269.000000 1.968772
270.000000 2.028524
271.000000 2.069513
272.000000 2.112705
273.000000 2.149457
274.000000 2.137579
275.000000 2.126409
276.000000 2.101113
277.000000 2.033496
278.000000 1.977385
279.000000 1.914601
280.000000 1.849096
281.000000 1.771946
282.000000 1.681949
283.000000 1.570142
284.000000 1.435640
285.000000 1.270098
286.000000 1.074089
287.000000 0.888403
288.000000 0.707301
289.000000 0.545771
290.000000 0.410343
291.000000 0.297579
292.000000 0.213729
293.000000 0.153544
294.000000 0.106452
295.000000 0.071943
296.000000 0.048870
297.000000 0.033689
298.000000 0.024448
299.000000 0.017096
300.000000 0.011922
301.000000 0.009116
302.000000 0.007608
303.000000 0.006445
304.000000 0.005205
305.000000 0.004661
306.000000 0.004503
307.000000 0.004430
308.000000 0.004236
309.000000 0.004494
310.000000 0.004362
311.000000 0.003394
312.000000 0.003055
313.000000 0.003559
314.000000 0.003399
315.000000 0.002437
316.000000 0.002286
317.000000 0.002581
318.000000 0.002709
319.000000 0.002637
320.000000 0.002037
321.000000 0.001571
322.000000 0.001914
323.000000 0.001880
324.000000 0.001580
325.000000 0.002210
326.000000 0.002529
327.000000 0.001787
328.000000 0.001686
329.000000 0.002572
330.000000 0.001994
331.000000 0.001518
332.000000 0.002292
333.000000 0.003086
334.000000 0.002790
335.000000 0.002548
336.000000 0.002281
337.000000 0.001548
338.000000 0.001274
339.000000 0.000840
340.000000 0.000722
341.000000 0.000572
342.000000 0.000533
343.000000 0.000588
344.000000 0.000559
345.000000 0.000173
346.000000 0.000474
347.000000 0.000522
348.000000 0.000180
349.000000 0.000387
350.000000 0.000384
351.000000 0.000411
352.000000 0.000201
353.000000 0.000680
354.000000 0.001072
355.000000 0.000612
356.000000 0.000393
357.000000 0.000535
358.000000 0.000546
359.000000 -0.000078
360.000000 0.000148
361.000000 0.001015
362.000000 0.000439
363.000000 0.000023
364.000000 -0.000072
365.000000 -0.000636
366.000000 -0.000529
367.000000 -0.000302
368.000000 -0.000198
369.000000 0.000050
370.000000 -0.000028
371.000000 -0.000165
372.000000 -0.000139
373.000000 -0.000228
374.000000 -0.000341
375.000000 -0.000565
376.000000 -0.000793
377.000000 -0.000584
378.000000 0.000284
379.000000 0.000213
380.000000 -0.000883
381.000000 -0.001168
382.000000 -0.000739
383.000000 -0.000801
384.000000 -0.000607
385.000000 -0.000008
386.000000 -0.000336
387.000000 -0.000682
388.000000 -0.000625
389.000000 -0.001048
390.000000 -0.001269
391.000000 -0.000430
392.000000 -0.000165
393.000000 -0.000150
394.000000 0.000140
395.000000 0.000079
396.000000 -0.000031
397.000000 -0.000680
398.000000 -0.000603
399.000000 0.000104
400.000000 0.000341
