200.000000 3.332133
201.000000 2.197815
202.000000 2.408303
203.000000 2.524024
204.000000 2.837183
205.000000 3.026816
206.000000 2.871656
207.000000 2.838783
208.000000 3.023332
209.000000 3.113349
210.000000 3.358041
211.000000 3.495981
212.000000 3.521760
213.000000 3.544548
214.000000 3.237973
215.000000 3.178403
216.000000 3.312422
217.000000 3.375934
218.000000 3.479860
219.000000 3.070695
220.000000 2.995169
221.000000 3.256212
222.000000 3.602448
223.000000 3.660394
224.000000 3.686820
225.000000 3.990103
226.000000 4.148346
227.000000 3.892754
228.000000 3.507731
229.000000 3.520767
230.000000 3.132607
231.000000 2.945725
232.000000 3.186414
233.000000 3.338717
234.000000 3.405720
235.000000 3.663820
236.000000 3.798103
237.000000 4.073119
238.000000 4.228445
239.000000 4.315610
240.000000 3.978533
241.000000 3.523844
242.000000 3.402968
243.000000 3.358614
244.000000 3.443780
245.000000 3.527946
246.000000 3.562307
247.000000 3.903374
248.000000 4.143203
249.000000 3.924750
250.000000 3.114474
251.000000 2.619119
252.000000 2.341279
253.000000 2.164047
254.000000 2.014567
255.000000 1.883897
256.000000 1.792941
257.000000 1.729378
258.000000 1.681684
259.000000 1.654860
260.000000 1.642180
261.000000 1.638033
262.000000 1.644214
263.000000 1.677452
264.000000 1.715149
265.000000 1.752677
266.000000 1.820171
267.000000 1.878099
268.000000 1.926745
269.000000 2.013484
270.000000 2.077503
271.000000 2.079750
272.000000 2.089710
273.000000 2.136998
274.000000 2.164705
275.000000 2.160143
276.000000 2.108585
277.000000 2.062980
278.000000 2.032743
279.000000 1.932901
280.000000 1.853788
281.000000 1.779038
282.000000 1.682021
283.000000 1.574189
284.000000 1.436827
285.000000 1.267587
286.000000 1.082875
287.000000 0.901695
288.000000 0.722432
289.000000 0.560151
290.000000 0.418358
291.000000 0.304564
292.000000 0.222251
293.000000 0.163499
294.000000 0.117268
295.000000 0.080103
296.000000 0.055072
297.000000 0.039796
298.000000 0.030260
299.000000 0.023191
300.000000 0.018769
301.000000 0.016042
302.000000 0.014339
303.000000 0.013115
304.000000 0.011773
305.000000 0.011302
306.000000 0.011296
307.000000 0.010620
308.000000 0.009511
309.000000 0.009078
310.000000 0.009241
311.000000 0.010213
312.000000 0.011249
313.000000 0.010640
314.000000 0.009517
315.000000 0.009854
316.000000 0.010295
317.000000 0.010367
318.000000 0.010236
319.000000 0.009111
320.000000 0.008496
321.000000 0.008582
322.000000 0.008631
323.000000 0.008508
324.000000 0.008612
325.000000 0.008346
326.000000 0.007458
327.000000 0.007523
328.000000 0.008144
329.000000 0.008195
330.000000 0.008222
331.000000 0.008121
332.000000 0.008052
333.000000 0.007464
334.000000 0.007399
335.000000 0.008354
336.000000 0.007447
337.000000 0.007318
338.000000 0.007754
339.000000 0.007060
340.000000 0.006556
341.000000 0.006672
342.000000 0.006653
343.000000 0.006346
344.000000 0.006538
345.000000 0.006151
346.000000 0.006226
347.000000 0.006846
348.000000 0.006876
349.000000 0.006639
350.000000 0.006158
351.000000 0.005359
352.000000 0.005178
353.000000 0.006370
354.000000 0.007305
355.000000 0.007384
356.000000 0.007163
357.000000 0.006290
358.000000 0.005915
359.000000 0.005882
360.000000 0.005665
361.000000 0.004907
362.000000 0.004931
363.000000 0.005308
364.000000 0.005185
365.000000 0.005429
366.000000 0.005473
367.000000 0.005889
368.000000 0.005660
369.000000 0.005025
370.000000 0.005163
371.000000 0.005126
372.000000 0.004532
373.000000 0.004380
374.000000 0.004967
375.000000 0.005324
376.000000 0.005057
377.000000 0.004373
378.000000 0.004210
379.000000 0.004684
380.000000 0.005945
381.000000 0.006367
382.000000 0.005600
383.000000 0.005591
384.000000 0.005484
385.000000 0.005580
386.000000 0.005244
387.000000 0.004795
388.000000 0.004756
389.000000 0.004875
390.000000 0.005265
391.000000 0.005395
392.000000 0.005082
393.000000 0.004301
394.000000 0.004554
395.000000 0.005218
396.000000 0.005041
397.000000 0.004851
398.000000 0.004939
399.000000 0.004893
400.000000 0.004877
