200.000000 3.365101
201.000000 2.366021
202.000000 2.649083
203.000000 2.801958
204.000000 3.100629
205.000000 3.296847
206.000000 2.786643
207.000000 2.707535
208.000000 2.835724
209.000000 2.895084
210.000000 2.958392
211.000000 2.991895
212.000000 2.983859
213.000000 2.892830
214.000000 2.921473
215.000000 3.039304
216.000000 3.090631
217.000000 3.115453
218.000000 3.380505
219.000000 3.252119
220.000000 3.311384
221.000000 3.609784
222.000000 3.485846
223.000000 3.260477
224.000000 3.355757
225.000000 3.752280
226.000000 4.027722
227.000000 4.147887
228.000000 4.214801
229.000000 4.317366
230.000000 4.369372
231.000000 4.391061
232.000000 4.402926
233.000000 4.373081
234.000000 4.361419
235.000000 4.154601
236.000000 3.681666
237.000000 3.247622
238.000000 2.927717
239.000000 2.665505
240.000000 2.378023
241.000000 2.123683
242.000000 1.909792
243.000000 1.735426
244.000000 1.529050
245.000000 1.299596
246.000000 1.106247
247.000000 0.972046
248.000000 0.884324
249.000000 0.805070
250.000000 0.720101
251.000000 0.645724
252.000000 0.589904
253.000000 0.550213
254.000000 0.519501
255.000000 0.490622
256.000000 0.466255
257.000000 0.447227
258.000000 0.432273
259.000000 0.421409
260.000000 0.418030
261.000000 0.420727
262.000000 0.423351
263.000000 0.425408
264.000000 0.427105
265.000000 0.429363
266.000000 0.431510
267.000000 0.435212
268.000000 0.441034
269.000000 0.447019
270.000000 0.450168
271.000000 0.448730
272.000000 0.443205
273.000000 0.435296
274.000000 0.427277
275.000000 0.418196
276.000000 0.407123
277.000000 0.395263
278.000000 0.382226
279.000000 0.365421
280.000000 0.344840
281.000000 0.318019
282.000000 0.288281
283.000000 0.257892
284.000000 0.229292
285.000000 0.200467
286.000000 0.171155
287.000000 0.146204
288.000000 0.122168
289.000000 0.099516
290.000000 0.081009
291.000000 0.066091
292.000000 0.053151
293.000000 0.044034
294.000000 0.037741
295.000000 0.032831
296.000000 0.029349
297.000000 0.026603
298.000000 0.025081
299.000000 0.024015
300.000000 0.023126
301.000000 0.021771
302.000000 0.020443
303.000000 0.019528
304.000000 0.018791
305.000000 0.019000
306.000000 0.019083
307.000000 0.018893
308.000000 0.018715
309.000000 0.018659
310.000000 0.018044
311.000000 0.016955
312.000000 0.016951
313.000000 0.017382
314.000000 0.016976
315.000000 0.015729
316.000000 0.015361
317.000000 0.015331
318.000000 0.015133
319.000000 0.015236
320.000000 0.014196
321.000000 0.013264
322.000000 0.013768
323.000000 0.013876
324.000000 0.013313
325.000000 0.013347
326.000000 0.013276
327.000000 0.012823
328.000000 0.012497
329.000000 0.012678
330.000000 0.012844
331.000000 0.012806
332.000000 0.012684
333.000000 0.012641
334.000000 0.012782
335.000000 0.012730
336.000000 0.012684
337.000000 0.012150
338.000000 0.011598
339.000000 0.011639
340.000000 0.011961
341.000000 0.012352
342.000000 0.012082
343.000000 0.011781
344.000000 0.011789
345.000000 0.011873
346.000000 0.012181
347.000000 0.011608
348.000000 0.011083
349.000000 0.011300
350.000000 0.011192
351.000000 0.011139
352.000000 0.011404
353.000000 0.011801
354.000000 0.011977
355.000000 0.011678
356.000000 0.011398
357.000000 0.011151
358.000000 0.010782
359.000000 0.010346
360.000000 0.010690
361.000000 0.010914
362.000000 0.010482
363.000000 0.010310
364.000000 0.010424
365.000000 0.010024
366.000000 0.009666
367.000000 0.009703
368.000000 0.010130
369.000000 0.010712
370.000000 0.010207
371.000000 0.009576
372.000000 0.009568
373.000000 0.009644
374.000000 0.009179
375.000000 0.009352
376.000000 0.009495
377.000000 0.009097
378.000000 0.009709
379.000000 0.009962
380.000000 0.009390
381.000000 0.009263
382.000000 0.009673
383.000000 0.009819
384.000000 0.009837
385.000000 0.009754
386.000000 0.009769
387.000000 0.009471
388.000000 0.009025
389.000000 0.008896
390.000000 0.008609
391.000000 0.008848
392.000000 0.009076
393.000000 0.009534
394.000000 0.009632
395.000000 0.009243
396.000000 0.009550
397.000000 0.009178
398.000000 0.009055
399.000000 0.009633
400.000000 0.009826
