200.000000 3.340176
201.000000 3.248188
202.000000 2.642732
203.000000 2.572794
204.000000 2.990562
205.000000 3.281730
206.000000 3.478038
207.000000 3.159824
208.000000 2.829488
209.000000 2.908339
210.000000 3.005085
211.000000 3.050787
212.000000 3.116361
213.000000 3.149104
214.000000 3.022818
215.000000 2.994931
216.000000 3.136134
217.000000 3.119938
218.000000 3.141686
219.000000 3.001466
220.000000 2.978669
221.000000 3.063712
222.000000 3.276939
223.000000 3.680989
224.000000 3.996342
225.000000 4.173752
226.000000 4.231241
227.000000 3.399220
228.000000 3.158031
229.000000 3.343640
230.000000 3.743928
231.000000 4.061047
232.000000 4.247082
233.000000 3.458954
234.000000 3.357155
235.000000 3.627681
236.000000 3.773429
237.000000 3.820553
238.000000 3.838554
239.000000 3.546053
240.000000 3.371639
241.000000 3.565941
242.000000 3.706301
243.000000 3.600484
244.000000 3.704660
245.000000 3.632212
246.000000 3.616708
247.000000 3.947064
248.000000 4.171754
249.000000 4.291660
250.000000 4.335452
251.000000 3.235838
252.000000 2.898158
253.000000 2.889855
254.000000 2.982357
255.000000 3.200312
256.000000 3.193352
257.000000 2.995412
258.000000 3.021705
259.000000 3.133042
260.000000 3.328166
261.000000 3.687385
262.000000 4.028371
263.000000 3.818289
264.000000 3.754103
265.000000 4.043789
266.000000 3.574344
267.000000 3.416527
268.000000 3.667426
269.000000 3.805227
270.000000 3.498837
271.000000 3.505820
272.000000 3.471831
273.000000 3.380668
274.000000 3.339767
275.000000 3.396526
276.000000 3.468547
277.000000 3.450453
278.000000 3.737782
279.000000 4.051384
280.000000 3.369234
281.000000 3.116567
282.000000 3.119706
283.000000 3.274009
284.000000 3.688155
285.000000 3.688364
286.000000 2.814078
287.000000 2.392720
288.000000 2.068509
289.000000 1.806183
290.000000 1.608529
291.000000 1.474415
292.000000 1.403372
293.000000 1.355185
294.000000 1.265674
295.000000 1.102760
296.000000 0.919795
297.000000 0.760496
298.000000 0.639235
299.000000 0.548518
300.000000 0.479758
301.000000 0.424064
302.000000 0.381119
303.000000 0.349577
304.000000 0.322348
305.000000 0.300564
306.000000 0.282675
307.000000 0.266612
308.000000 0.253188
309.000000 0.242483
310.000000 0.233827
311.000000 0.226440
312.000000 0.220549
313.000000 0.214777
314.000000 0.208340
315.000000 0.202198
316.000000 0.197405
317.000000 0.192523
318.000000 0.187406
319.000000 0.182249
320.000000 0.176512
321.000000 0.171474
322.000000 0.166742
323.000000 0.162663
324.000000 0.159171
325.000000 0.155581
326.000000 0.151865
327.000000 0.148651
328.000000 0.146247
329.000000 0.143367
330.000000 0.139960
331.000000 0.137009
332.000000 0.133506
333.000000 0.129228
334.000000 0.125044
335.000000 0.121270
336.000000 0.117754
337.000000 0.114886
338.000000 0.112818
339.000000 0.110532
340.000000 0.107693
341.000000 0.105255
342.000000 0.103322
343.000000 0.101365
344.000000 0.099664
345.000000 0.098045
346.000000 0.096366
347.000000 0.095064
348.000000 0.094177
349.000000 0.092667
350.000000 0.090734
351.000000 0.089189
352.000000 0.088204
353.000000 0.087286
354.000000 0.086577
355.000000 0.086249
356.000000 0.085035
357.000000 0.083234
358.000000 0.081959
359.000000 0.080973
360.000000 0.079603
361.000000 0.077668
362.000000 0.076648
363.000000 0.076252
364.000000 0.074834
365.000000 0.073711
366.000000 0.073093
367.000000 0.072407
368.000000 0.071418
369.000000 0.070589
370.000000 0.069896
371.000000 0.068605
372.000000 0.067502
373.000000 0.066668
374.000000 0.066574
375.000000 0.066017
376.000000 0.064996
377.000000 0.064328
378.000000 0.063378
379.000000 0.062606
380.000000 0.061432
381.000000 0.060502
382.000000 0.059331
383.000000 0.058480
384.000000 0.058032
385.000000 0.057187
386.000000 0.056140
387.000000 0.055361
388.000000 0.054430
389.000000 0.054215
390.000000 0.054682
391.000000 0.054773
392.000000 0.054558
393.000000 0.053349
394.000000 0.053089
395.000000 0.052978
396.000000 0.052099
397.000000 0.051550
398.000000 0.051493
399.000000 0.051551
400.000000 0.051570
