200.000000 2.036432
201.000000 1.523792
202.000000 1.304461
203.000000 1.145521
204.000000 1.033109
205.000000 0.942917
206.000000 0.881495
207.000000 0.835486
208.000000 0.797045
209.000000 0.763499
210.000000 0.734486
211.000000 0.715418
212.000000 0.699571
213.000000 0.683374
214.000000 0.674278
215.000000 0.672021
216.000000 0.673941
217.000000 0.679538
218.000000 0.687730
219.000000 0.691384
220.000000 0.699806
221.000000 0.709733
222.000000 0.711470
223.000000 0.712443
224.000000 0.713311
225.000000 0.711514
226.000000 0.703881
227.000000 0.691997
228.000000 0.679126
229.000000 0.668853
230.000000 0.659190
231.000000 0.642160
232.000000 0.620083
233.000000 0.592565
234.000000 0.563164
235.000000 0.538388
236.000000 0.513717
237.000000 0.485477
238.000000 0.456130
239.000000 0.424622
240.000000 0.393397
241.000000 0.369307
242.000000 0.350156
243.000000 0.335517
244.000000 0.323313
245.000000 0.307087
246.000000 0.291208
247.000000 0.283192
248.000000 0.280786
249.000000 0.277420
250.000000 0.271047
251.000000 0.264275
252.000000 0.258204
253.000000 0.254296
254.000000 0.251576
255.000000 0.246847
256.000000 0.242335
257.000000 0.238877
258.000000 0.235020
259.000000 0.231793
260.000000 0.231893
261.000000 0.234696
262.000000 0.237993
263.000000 0.238837
264.000000 0.237955
265.000000 0.238428
266.000000 0.238051
267.000000 0.237034
268.000000 0.237393
269.000000 0.239498
270.000000 0.241293
271.000000 0.241246
272.000000 0.240579
273.000000 0.239559
274.000000 0.238973
275.000000 0.237393
276.000000 0.234104
277.000000 0.231729
278.000000 0.231791
279.000000 0.229946
280.000000 0.226362
281.000000 0.223832
282.000000 0.219894
283.000000 0.214648
284.000000 0.211498
285.000000 0.208528
286.000000 0.204521
287.000000 0.201729
288.000000 0.198998
289.000000 0.196587
290.000000 0.193853
291.000000 0.189956
292.000000 0.185992
293.000000 0.183238
294.000000 0.180666
295.000000 0.177943
296.000000 0.175621
297.000000 0.173581
298.000000 0.172463
299.000000 0.171660
300.000000 0.171046
301.000000 0.169402
302.000000 0.167663
303.000000 0.166503
304.000000 0.164728
305.000000 0.163063
306.000000 0.160900
307.000000 0.159108
308.000000 0.157647
309.000000 0.156286
310.000000 0.155027
311.000000 0.152657
312.000000 0.150493
313.000000 0.149619
314.000000 0.148727
315.000000 0.146619
316.000000 0.145127
317.000000 0.144143
318.000000 0.142087
319.000000 0.140598
320.000000 0.139056
321.000000 0.137021
322.000000 0.136271
323.000000 0.135594
324.000000 0.134462
325.000000 0.134009
326.000000 0.133574
327.000000 0.133156
328.000000 0.132493
329.000000 0.131486
330.000000 0.129616
331.000000 0.127281
332.000000 0.125585
333.000000 0.124870
334.000000 0.124276
335.000000 0.123299
336.000000 0.122120
337.000000 0.121081
338.000000 0.120497
339.000000 0.119853
340.000000 0.118841
341.000000 0.117820
342.000000 0.117207
343.000000 0.116696
344.000000 0.115910
345.000000 0.114910
346.000000 0.114157
347.000000 0.112887
348.000000 0.111125
349.000000 0.109936
350.000000 0.109249
351.000000 0.108334
352.000000 0.107768
353.000000 0.107735
354.000000 0.107612
355.000000 0.107212
356.000000 0.107243
357.000000 0.107958
358.000000 0.108539
359.000000 0.107769
360.000000 0.106572
361.000000 0.105932
362.000000 0.105248
363.000000 0.104771
364.000000 0.104542
365.000000 0.104002
366.000000 0.103703
367.000000 0.103909
368.000000 0.104297
369.000000 0.104324
370.000000 0.103474
371.000000 0.102102
372.000000 0.100934
373.000000 0.099958
374.000000 0.098742
375.000000 0.098493
376.000000 0.098483
377.000000 0.097822
378.000000 0.097676
379.000000 0.097920
380.000000 0.098287
381.000000 0.098573
382.000000 0.098678
383.000000 0.098303
384.000000 0.098141
385.000000 0.098697
386.000000 0.098634
387.000000 0.097622
388.000000 0.096513
389.000000 0.095741
390.000000 0.094858
391.000000 0.094476
392.000000 0.094209
393.000000 0.093897
394.000000 0.093445
395.000000 0.092571
396.000000 0.092065
397.000000 0.090978
398.000000 0.090424
399.000000 0.090829
400.000000 0.090964
