200.000000 2.859686
201.000000 3.147128
202.000000 3.339713
203.000000 3.308944
204.000000 3.326568
205.000000 2.637103
206.000000 2.545538
207.000000 2.660014
208.000000 2.702975
209.000000 2.977024
210.000000 3.157824
211.000000 3.234586
212.000000 3.275839
213.000000 3.646488
214.000000 3.904687
215.000000 3.200872
216.000000 3.110046
217.000000 3.433727
218.000000 3.636308
219.000000 3.885667
220.000000 4.013013
221.000000 4.176621
222.000000 4.254282
223.000000 4.290020
224.000000 3.735798
225.000000 3.191928
226.000000 3.000888
227.000000 3.153271
228.000000 3.471028
229.000000 3.672526
230.000000 4.003415
231.000000 4.216072
232.000000 3.578626
233.000000 3.440587
234.000000 3.618976
235.000000 3.778874
236.000000 3.504545
237.000000 3.317547
238.000000 3.464629
239.000000 3.538120
240.000000 3.620527
241.000000 3.932785
242.000000 4.124962
243.000000 4.264483
244.000000 3.059669
245.000000 2.439272
246.000000 2.027201
247.000000 1.765347
248.000000 1.570221
249.000000 1.381584
250.000000 1.184880
251.000000 1.025415
252.000000 0.912241
253.000000 0.833841
254.000000 0.771670
255.000000 0.716016
256.000000 0.675413
257.000000 0.647139
258.000000 0.627303
259.000000 0.615993
260.000000 0.613208
261.000000 0.614780
262.000000 0.618750
263.000000 0.629966
264.000000 0.645136
265.000000 0.660938
266.000000 0.678577
267.000000 0.696400
268.000000 0.714009
269.000000 0.729759
270.000000 0.744891
271.000000 0.759836
272.000000 0.769924
273.000000 0.776362
274.000000 0.777808
275.000000 0.772647
276.000000 0.761349
277.000000 0.742982
278.000000 0.719828
279.000000 0.694135
280.000000 0.666783
281.000000 0.634627
282.000000 0.601659
283.000000 0.561400
284.000000 0.511367
285.000000 0.453985
286.000000 0.388496
287.000000 0.324032
288.000000 0.259459
289.000000 0.199910
290.000000 0.149410
291.000000 0.107606
292.000000 0.075892
293.000000 0.054228
294.000000 0.038496
295.000000 0.025556
296.000000 0.016677
297.000000 0.011791
298.000000 0.008704
299.000000 0.005792
300.000000 0.003942
301.000000 0.003236
302.000000 0.003272
303.000000 0.002717
304.000000 0.002204
305.000000 0.001347
306.000000 0.001613
307.000000 0.002096
308.000000 0.001285
309.000000 0.001489
310.000000 0.001465
311.000000 0.001468
312.000000 0.002433
313.000000 0.002396
314.000000 0.001801
315.000000 0.001358
316.000000 0.001678
317.000000 0.002436
318.000000 0.002836
319.000000 0.002667
320.000000 0.001758
321.000000 0.001435
322.000000 0.001859
323.000000 0.002217
324.000000 0.002364
325.000000 0.001905
326.000000 0.000988
327.000000 0.000490
328.000000 0.000469
329.000000 0.000872
330.000000 0.001285
331.000000 0.001386
332.000000 0.001429
333.000000 0.001299
334.000000 0.001407
335.000000 0.001611
336.000000 0.001096
337.000000 0.000832
338.000000 0.000877
339.000000 0.001621
340.000000 0.001860
341.000000 0.001337
342.000000 0.000705
343.000000 -0.000007
344.000000 0.000632
345.000000 0.001073
346.000000 0.000701
347.000000 0.000873
348.000000 0.001053
349.000000 0.000762
350.000000 -0.000111
351.000000 -0.000525
352.000000 0.000014
353.000000 0.000515
354.000000 0.000626
355.000000 0.001038
356.000000 0.001290
357.000000 0.000770
358.000000 0.000940
359.000000 0.001159
360.000000 0.001136
361.000000 0.000206
362.000000 0.000272
363.000000 0.000901
364.000000 0.000439
365.000000 0.000144
366.000000 0.000312
367.000000 0.000594
368.000000 0.000392
369.000000 0.000123
370.000000 -0.000023
371.000000 0.000028
372.000000 0.000222
373.000000 0.000825
374.000000 0.001501
375.000000 0.001590
376.000000 0.001212
377.000000 0.000686
378.000000 0.000479
379.000000 0.000735
380.000000 0.000711
381.000000 0.000756
382.000000 0.000811
383.000000 0.001043
384.000000 0.001404
385.000000 0.001186
386.000000 0.000383
387.000000 0.000543
388.000000 0.000801
389.000000 0.000920
390.000000 0.001300
391.000000 0.001478
392.000000 0.001683
393.000000 0.001838
394.000000 0.001947
395.000000 0.001385
396.000000 0.001093
397.000000 0.001077
398.000000 0.000849
399.000000 0.000734
400.000000 0.000696
