200.000000 3.343102
201.000000 2.703277
202.000000 2.345530
203.000000 2.294353
204.000000 2.745036
205.000000 3.142115
206.000000 2.812572
207.000000 2.750891
208.000000 2.752635
209.000000 2.761422
210.000000 2.799173
211.000000 2.745892
212.000000 2.722713
213.000000 2.790293
214.000000 3.138610
215.000000 3.369927
216.000000 3.191563
217.000000 3.155047
218.000000 3.361466
219.000000 3.372193
220.000000 3.383153
221.000000 3.210125
222.000000 2.986028
223.000000 3.053919
224.000000 3.489921
225.000000 3.853199
226.000000 4.076543
227.000000 4.169528
228.000000 4.216412
229.000000 4.305372
230.000000 4.354456
231.000000 3.962452
232.000000 3.889897
233.000000 4.140831
234.000000 3.407309
235.000000 3.182827
236.000000 3.388805
237.000000 3.670120
238.000000 3.825324
239.000000 3.375652
240.000000 3.228794
241.000000 3.505349
242.000000 3.315992
243.000000 2.941070
244.000000 2.524243
245.000000 2.069607
246.000000 1.731228
247.000000 1.510615
248.000000 1.346187
249.000000 1.185053
250.000000 1.018650
251.000000 0.886683
252.000000 0.788906
253.000000 0.718639
254.000000 0.663969
255.000000 0.615760
256.000000 0.581757
257.000000 0.558422
258.000000 0.543059
259.000000 0.534189
260.000000 0.530574
261.000000 0.529220
262.000000 0.530989
263.000000 0.539672
264.000000 0.551600
265.000000 0.566157
266.000000 0.581745
267.000000 0.596807
268.000000 0.610965
269.000000 0.624139
270.000000 0.637900
271.000000 0.650129
272.000000 0.658241
273.000000 0.662091
274.000000 0.661940
275.000000 0.656476
276.000000 0.646075
277.000000 0.631517
278.000000 0.611478
279.000000 0.590105
280.000000 0.567411
281.000000 0.538884
282.000000 0.509612
283.000000 0.474619
284.000000 0.432445
285.000000 0.385315
286.000000 0.330272
287.000000 0.275145
288.000000 0.221985
289.000000 0.172618
290.000000 0.129969
291.000000 0.095314
292.000000 0.069527
293.000000 0.052105
294.000000 0.037990
295.000000 0.026174
296.000000 0.018395
297.000000 0.014203
298.000000 0.012095
299.000000 0.010296
300.000000 0.009731
301.000000 0.008370
302.000000 0.007546
303.000000 0.007390
304.000000 0.006139
305.000000 0.005670
306.000000 0.006176
307.000000 0.006255
308.000000 0.005819
309.000000 0.006149
310.000000 0.006848
311.000000 0.007102
312.000000 0.007218
313.000000 0.006360
314.000000 0.006577
315.000000 0.006660
316.000000 0.006413
317.000000 0.006374
318.000000 0.006768
319.000000 0.007368
320.000000 0.006506
321.000000 0.005388
322.000000 0.005148
323.000000 0.005515
324.000000 0.005836
325.000000 0.005710
326.000000 0.005010
327.000000 0.004855
328.000000 0.005082
329.000000 0.005363
330.000000 0.005583
331.000000 0.005561
332.000000 0.005471
333.000000 0.005473
334.000000 0.005592
335.000000 0.005828
336.000000 0.004894
337.000000 0.004620
338.000000 0.004536
339.000000 0.004156
340.000000 0.004126
341.000000 0.003853
342.000000 0.003739
343.000000 0.003584
344.000000 0.003835
345.000000 0.003807
346.000000 0.003825
347.000000 0.004089
348.000000 0.003718
349.000000 0.003189
350.000000 0.002979
351.000000 0.003049
352.000000 0.003285
353.000000 0.003642
354.000000 0.004036
355.000000 0.004093
356.000000 0.003677
357.000000 0.003064
358.000000 0.003039
359.000000 0.003330
360.000000 0.002873
361.000000 0.002248
362.000000 0.002432
363.000000 0.002770
364.000000 0.002472
365.000000 0.001785
366.000000 0.001923
367.000000 0.002447
368.000000 0.002470
369.000000 0.002162
370.000000 0.001956
371.000000 0.001513
372.000000 0.001412
373.000000 0.001603
374.000000 0.001930
375.000000 0.002390
376.000000 0.002204
377.000000 0.002442
378.000000 0.002207
379.000000 0.001970
380.000000 0.002048
381.000000 0.001957
382.000000 0.002194
383.000000 0.002305
384.000000 0.002228
385.000000 0.002177
386.000000 0.001849
387.000000 0.002024
388.000000 0.002367
389.000000 0.002293
390.000000 0.002355
391.000000 0.002293
392.000000 0.002154
393.000000 0.001745
394.000000 0.001992
395.000000 0.001956
396.000000 0.001636
397.000000 0.001648
398.000000 0.001519
399.000000 0.001509
400.000000 0.001506
