200.000000 1.284036
201.000000 1.111245
202.000000 0.981581
203.000000 0.865606
204.000000 0.788569
205.000000 0.729138
206.000000 0.676693
207.000000 0.639618
208.000000 0.614008
209.000000 0.588643
210.000000 0.566979
211.000000 0.549940
212.000000 0.531551
213.000000 0.514756
214.000000 0.504251
215.000000 0.495713
216.000000 0.489060
217.000000 0.489166
218.000000 0.493121
219.000000 0.493893
220.000000 0.498472
221.000000 0.501956
222.000000 0.499568
223.000000 0.497582
224.000000 0.496219
225.000000 0.489738
226.000000 0.480518
227.000000 0.473322
228.000000 0.463081
229.000000 0.453863
230.000000 0.447285
231.000000 0.435295
232.000000 0.419211
233.000000 0.400324
234.000000 0.379113
235.000000 0.360062
236.000000 0.342701
237.000000 0.323216
238.000000 0.302140
239.000000 0.280568
240.000000 0.258652
241.000000 0.241143
242.000000 0.228167
243.000000 0.219668
244.000000 0.213099
245.000000 0.201719
246.000000 0.186952
247.000000 0.179076
248.000000 0.177515
249.000000 0.174630
250.000000 0.170404
251.000000 0.164831
252.000000 0.159609
253.000000 0.158141
254.000000 0.157498
255.000000 0.154795
256.000000 0.151685
257.000000 0.148362
258.000000 0.145570
259.000000 0.143897
260.000000 0.144513
261.000000 0.146504
262.000000 0.148448
263.000000 0.148659
264.000000 0.147677
265.000000 0.147480
266.000000 0.146634
267.000000 0.145710
268.000000 0.145220
269.000000 0.146491
270.000000 0.147708
271.000000 0.146362
272.000000 0.145861
273.000000 0.146019
274.000000 0.146050
275.000000 0.145770
276.000000 0.144084
277.000000 0.142030
278.000000 0.140760
279.000000 0.138997
280.000000 0.136631
281.000000 0.133923
282.000000 0.130770
283.000000 0.126353
284.000000 0.123096
285.000000 0.120103
286.000000 0.117213
287.000000 0.116246
288.000000 0.114800
289.000000 0.113194
290.000000 0.110842
291.000000 0.107841
292.000000 0.104985
293.000000 0.101973
294.000000 0.099347
295.000000 0.097982
296.000000 0.096333
297.000000 0.094972
298.000000 0.094266
299.000000 0.092854
300.000000 0.091342
301.000000 0.089724
302.000000 0.088606
303.000000 0.086704
304.000000 0.084325
305.000000 0.083342
306.000000 0.082303
307.000000 0.080606
308.000000 0.078813
309.000000 0.077974
310.000000 0.076773
311.000000 0.074757
312.000000 0.073531
313.000000 0.073074
314.000000 0.071305
315.000000 0.069169
316.000000 0.067731
317.000000 0.066594
318.000000 0.065857
319.000000 0.064496
320.000000 0.062493
321.000000 0.060647
322.000000 0.059759
323.000000 0.058736
324.000000 0.056809
325.000000 0.055410
326.000000 0.054686
327.000000 0.053460
328.000000 0.052257
329.000000 0.051337
330.000000 0.049761
331.000000 0.047809
332.000000 0.046259
333.000000 0.045566
334.000000 0.044652
335.000000 0.043349
336.000000 0.042604
337.000000 0.041742
338.000000 0.039902
339.000000 0.038217
340.000000 0.037286
341.000000 0.037134
342.000000 0.037107
343.000000 0.036162
344.000000 0.035048
345.000000 0.033735
346.000000 0.033091
347.000000 0.032371
348.000000 0.031414
349.000000 0.031119
350.000000 0.030071
351.000000 0.029425
352.000000 0.029592
353.000000 0.029382
354.000000 0.028813
355.000000 0.028311
356.000000 0.027562
357.000000 0.026585
358.000000 0.026685
359.000000 0.026494
360.000000 0.026032
361.000000 0.026114
362.000000 0.025833
363.000000 0.025193
364.000000 0.024650
365.000000 0.024318
366.000000 0.024009
367.000000 0.023586
368.000000 0.023273
369.000000 0.023363
370.000000 0.023042
371.000000 0.022540
372.000000 0.022348
373.000000 0.021648
374.000000 0.020999
375.000000 0.021271
376.000000 0.021015
377.000000 0.020095
378.000000 0.020180
379.000000 0.020035
380.000000 0.019295
381.000000 0.018561
382.000000 0.018402
383.000000 0.017951
384.000000 0.017412
385.000000 0.017817
386.000000 0.017703
387.000000 0.017405
388.000000 0.016998
389.000000 0.016291
390.000000 0.015325
391.000000 0.015000
392.000000 0.015259
393.000000 0.014987
394.000000 0.014511
395.000000 0.013733
396.000000 0.013210
397.000000 0.013145
398.000000 0.013188
399.000000 0.013291
400.000000 0.013326
