200.000000 0.849835
201.000000 0.802218
202.000000 0.735928
203.000000 0.668934
204.000000 0.613940
205.000000 0.568435
206.000000 0.539790
207.000000 0.519240
208.000000 0.496740
209.000000 0.476059
210.000000 0.459462
211.000000 0.445346
212.000000 0.428632
213.000000 0.413965
214.000000 0.400341
215.000000 0.390509
216.000000 0.386275
217.000000 0.382662
218.000000 0.379796
219.000000 0.377118
220.000000 0.377680
221.000000 0.377265
222.000000 0.372155
223.000000 0.366374
224.000000 0.360224
225.000000 0.354737
226.000000 0.348434
227.000000 0.342809
228.000000 0.336308
229.000000 0.330195
230.000000 0.325626
231.000000 0.317474
232.000000 0.306348
233.000000 0.293577
234.000000 0.279808
235.000000 0.268323
236.000000 0.256786
237.000000 0.243502
238.000000 0.230470
239.000000 0.215832
240.000000 0.201175
241.000000 0.190236
242.000000 0.182059
243.000000 0.175728
244.000000 0.171283
245.000000 0.164762
246.000000 0.154179
247.000000 0.147954
248.000000 0.147126
249.000000 0.146409
250.000000 0.143864
251.000000 0.139171
252.000000 0.135367
253.000000 0.134533
254.000000 0.134410
255.000000 0.132790
256.000000 0.130909
257.000000 0.127709
258.000000 0.125461
259.000000 0.123720
260.000000 0.122884
261.000000 0.124666
262.000000 0.127425
263.000000 0.128188
264.000000 0.127402
265.000000 0.127656
266.000000 0.126947
267.000000 0.125838
268.000000 0.125767
269.000000 0.127512
270.000000 0.128728
271.000000 0.128775
272.000000 0.128438
273.000000 0.127346
274.000000 0.128143
275.000000 0.127724
276.000000 0.125353
277.000000 0.123945
278.000000 0.122703
279.000000 0.120738
280.000000 0.118582
281.000000 0.117439
282.000000 0.115115
283.000000 0.111194
284.000000 0.109512
285.000000 0.107812
286.000000 0.106337
287.000000 0.105474
288.000000 0.103558
289.000000 0.101225
290.000000 0.098743
291.000000 0.096801
292.000000 0.094490
293.000000 0.093089
294.000000 0.091638
295.000000 0.090188
296.000000 0.088123
297.000000 0.086465
298.000000 0.086267
299.000000 0.084848
300.000000 0.083115
301.000000 0.080846
302.000000 0.079297
303.000000 0.077253
304.000000 0.074938
305.000000 0.074456
306.000000 0.073514
307.000000 0.072323
308.000000 0.071204
309.000000 0.069929
310.000000 0.068461
311.000000 0.066944
312.000000 0.065562
313.000000 0.065250
314.000000 0.064343
315.000000 0.062127
316.000000 0.060739
317.000000 0.059633
318.000000 0.058072
319.000000 0.056775
320.000000 0.054934
321.000000 0.053135
322.000000 0.052626
323.000000 0.051744
324.000000 0.050898
325.000000 0.050514
326.000000 0.049304
327.000000 0.047655
328.000000 0.046027
329.000000 0.044865
330.000000 0.043653
331.000000 0.042948
332.000000 0.042849
333.000000 0.042546
334.000000 0.041673
335.000000 0.040372
336.000000 0.039312
337.000000 0.037393
338.000000 0.035362
339.000000 0.034449
340.000000 0.033955
341.000000 0.033459
342.000000 0.032700
343.000000 0.032285
344.000000 0.031911
345.000000 0.030675
346.000000 0.029880
347.000000 0.029138
348.000000 0.028124
349.000000 0.027879
350.000000 0.027611
351.000000 0.027065
352.000000 0.026439
353.000000 0.026466
354.000000 0.026236
355.000000 0.025253
356.000000 0.024560
357.000000 0.024146
358.000000 0.024269
359.000000 0.023465
360.000000 0.023161
361.000000 0.023401
362.000000 0.022856
363.000000 0.022423
364.000000 0.021491
365.000000 0.020432
366.000000 0.020443
367.000000 0.021229
368.000000 0.021730
369.000000 0.021243
370.000000 0.020669
371.000000 0.020194
372.000000 0.019933
373.000000 0.019170
374.000000 0.018093
375.000000 0.018482
376.000000 0.018485
377.000000 0.017270
378.000000 0.017009
379.000000 0.016881
380.000000 0.015863
381.000000 0.015648
382.000000 0.015800
383.000000 0.015338
384.000000 0.015211
385.000000 0.015447
386.000000 0.015287
387.000000 0.014996
388.000000 0.014294
389.000000 0.013774
390.000000 0.013121
391.000000 0.011898
392.000000 0.011754
393.000000 0.012295
394.000000 0.012151
395.000000 0.011256
396.000000 0.010894
397.000000 0.010549
398.000000 0.010575
399.000000 0.011383
400.000000 0.011653
