200.000000 3.339546
201.000000 2.465809
202.000000 2.368856
203.000000 2.362254
204.000000 2.806160
205.000000 3.190914
206.000000 2.901892
207.000000 2.846141
208.000000 2.662324
209.000000 2.430215
210.000000 2.313411
211.000000 2.276880
212.000000 2.264539
213.000000 2.326570
214.000000 2.535974
215.000000 2.783323
216.000000 2.923480
217.000000 2.943830
218.000000 3.057546
219.000000 3.112856
220.000000 3.214537
221.000000 3.339266
222.000000 3.495540
223.000000 3.321112
224.000000 3.406548
225.000000 3.793654
226.000000 4.055136
227.000000 3.691288
228.000000 3.619668
229.000000 3.690706
230.000000 3.404623
231.000000 3.229422
232.000000 3.350383
233.000000 3.754031
234.000000 4.054587
235.000000 3.703778
236.000000 3.630877
237.000000 3.469457
238.000000 3.216947
239.000000 3.207103
240.000000 3.099262
241.000000 2.679988
242.000000 2.351229
243.000000 2.139743
244.000000 1.878192
245.000000 1.552904
246.000000 1.293724
247.000000 1.117809
248.000000 0.990590
249.000000 0.877587
250.000000 0.760145
251.000000 0.660822
252.000000 0.590954
253.000000 0.540716
254.000000 0.500276
255.000000 0.466016
256.000000 0.441854
257.000000 0.425062
258.000000 0.412860
259.000000 0.406976
260.000000 0.404849
261.000000 0.403316
262.000000 0.402854
263.000000 0.407794
264.000000 0.415959
265.000000 0.424750
266.000000 0.435930
267.000000 0.447224
268.000000 0.458008
269.000000 0.466794
270.000000 0.474029
271.000000 0.481525
272.000000 0.486607
273.000000 0.487905
274.000000 0.486250
275.000000 0.481733
276.000000 0.473563
277.000000 0.462850
278.000000 0.448662
279.000000 0.431849
280.000000 0.414118
281.000000 0.392593
282.000000 0.370864
283.000000 0.343875
284.000000 0.311987
285.000000 0.278098
286.000000 0.240301
287.000000 0.202058
288.000000 0.163592
289.000000 0.128146
290.000000 0.098404
291.000000 0.074568
292.000000 0.055587
293.000000 0.042269
294.000000 0.032983
295.000000 0.024730
296.000000 0.018645
297.000000 0.016292
298.000000 0.013488
299.000000 0.010654
300.000000 0.009914
301.000000 0.009796
302.000000 0.010259
303.000000 0.009917
304.000000 0.008882
305.000000 0.008264
306.000000 0.009031
307.000000 0.009466
308.000000 0.008617
309.000000 0.008850
310.000000 0.008676
311.000000 0.008393
312.000000 0.009263
313.000000 0.008763
314.000000 0.008598
315.000000 0.008530
316.000000 0.008163
317.000000 0.008408
318.000000 0.008897
319.000000 0.008365
320.000000 0.007707
321.000000 0.007302
322.000000 0.007002
323.000000 0.007384
324.000000 0.007457
325.000000 0.007167
326.000000 0.006325
327.000000 0.005815
328.000000 0.006463
329.000000 0.007336
330.000000 0.007024
331.000000 0.006686
332.000000 0.006949
333.000000 0.006610
334.000000 0.007066
335.000000 0.007925
336.000000 0.006720
337.000000 0.005740
338.000000 0.005968
339.000000 0.006028
340.000000 0.005720
341.000000 0.005839
342.000000 0.006189
343.000000 0.005765
344.000000 0.005290
345.000000 0.005187
346.000000 0.005194
347.000000 0.005648
348.000000 0.005749
349.000000 0.005138
350.000000 0.004701
351.000000 0.004445
352.000000 0.004575
353.000000 0.004624
354.000000 0.004685
355.000000 0.005276
356.000000 0.005286
357.000000 0.004587
358.000000 0.004978
359.000000 0.004812
360.000000 0.004729
361.000000 0.004359
362.000000 0.003860
363.000000 0.004431
364.000000 0.003722
365.000000 0.003326
366.000000 0.003400
367.000000 0.003370
368.000000 0.003628
369.000000 0.003692
370.000000 0.003360
371.000000 0.002956
372.000000 0.002871
373.000000 0.002728
374.000000 0.003100
375.000000 0.003503
376.000000 0.003360
377.000000 0.003060
378.000000 0.002922
379.000000 0.003170
380.000000 0.003101
381.000000 0.003135
382.000000 0.003145
383.000000 0.003286
384.000000 0.003067
385.000000 0.003009
386.000000 0.002892
387.000000 0.002431
388.000000 0.002585
389.000000 0.002906
390.000000 0.003182
391.000000 0.003697
392.000000 0.003220
393.000000 0.002284
394.000000 0.002859
395.000000 0.003071
396.000000 0.002596
397.000000 0.002039
398.000000 0.002109
399.000000 0.002556
400.000000 0.002705
