200.000000 0.388049
201.000000 0.381718
202.000000 0.358464
203.000000 0.323628
204.000000 0.297797
205.000000 0.278968
206.000000 0.260943
207.000000 0.246049
208.000000 0.237449
209.000000 0.229402
210.000000 0.222656
211.000000 0.217590
212.000000 0.208271
213.000000 0.197619
214.000000 0.189696
215.000000 0.182994
216.000000 0.173216
217.000000 0.166784
218.000000 0.165088
219.000000 0.162430
220.000000 0.162746
221.000000 0.161232
222.000000 0.156116
223.000000 0.152586
224.000000 0.148959
225.000000 0.142405
226.000000 0.136447
227.000000 0.137835
228.000000 0.137958
229.000000 0.132903
230.000000 0.127270
231.000000 0.123132
232.000000 0.119260
233.000000 0.116010
234.000000 0.111997
235.000000 0.107631
236.000000 0.104055
237.000000 0.099437
238.000000 0.094525
239.000000 0.090455
240.000000 0.087817
241.000000 0.085441
242.000000 0.083050
243.000000 0.081372
244.000000 0.077968
245.000000 0.074471
246.000000 0.072879
247.000000 0.072081
248.000000 0.071643
249.000000 0.069799
250.000000 0.069272
251.000000 0.069506
252.000000 0.068321
253.000000 0.067979
254.000000 0.067624
255.000000 0.067194
256.000000 0.067506
257.000000 0.066596
258.000000 0.067086
259.000000 0.067905
260.000000 0.067445
261.000000 0.066809
262.000000 0.066000
263.000000 0.065431
264.000000 0.064608
265.000000 0.065274
266.000000 0.066626
267.000000 0.067188
268.000000 0.066431
269.000000 0.066550
270.000000 0.066844
271.000000 0.065763
272.000000 0.065577
273.000000 0.065520
274.000000 0.066106
275.000000 0.065582
276.000000 0.064514
277.000000 0.063654
278.000000 0.062485
279.000000 0.061711
280.000000 0.059958
281.000000 0.059166
282.000000 0.059120
283.000000 0.057769
284.000000 0.057410
285.000000 0.056289
286.000000 0.055234
287.000000 0.055685
288.000000 0.055208
289.000000 0.054167
290.000000 0.053078
291.000000 0.051484
292.000000 0.049532
293.000000 0.048291
294.000000 0.047303
295.000000 0.047043
296.000000 0.047223
297.000000 0.047507
298.000000 0.047521
299.000000 0.046518
300.000000 0.045358
301.000000 0.043901
302.000000 0.042928
303.000000 0.042189
304.000000 0.041890
305.000000 0.042966
306.000000 0.042789
307.000000 0.041836
308.000000 0.041242
309.000000 0.040604
310.000000 0.040149
311.000000 0.039023
312.000000 0.038155
313.000000 0.037700
314.000000 0.037478
315.000000 0.036879
316.000000 0.036159
317.000000 0.036115
318.000000 0.035758
319.000000 0.035303
320.000000 0.034131
321.000000 0.033158
322.000000 0.033177
323.000000 0.032369
324.000000 0.031370
325.000000 0.031186
326.000000 0.030779
327.000000 0.030577
328.000000 0.030426
329.000000 0.029895
330.000000 0.028551
331.000000 0.027938
332.000000 0.028303
333.000000 0.028519
334.000000 0.028116
335.000000 0.027644
336.000000 0.027639
337.000000 0.026910
338.000000 0.026005
339.000000 0.025744
340.000000 0.025898
341.000000 0.025868
342.000000 0.025227
343.000000 0.025153
344.000000 0.025056
345.000000 0.024095
346.000000 0.024164
347.000000 0.023849
348.000000 0.023254
349.000000 0.023196
350.000000 0.022851
351.000000 0.022743
352.000000 0.022358
353.000000 0.022341
354.000000 0.022307
355.000000 0.021368
356.000000 0.020953
357.000000 0.020898
358.000000 0.020707
359.000000 0.020009
360.000000 0.019954
361.000000 0.020692
362.000000 0.020980
363.000000 0.020352
364.000000 0.019617
365.000000 0.019259
366.000000 0.018772
367.000000 0.018399
368.000000 0.018834
369.000000 0.019821
370.000000 0.019826
371.000000 0.018763
372.000000 0.018021
373.000000 0.017892
374.000000 0.017644
375.000000 0.017645
376.000000 0.017459
377.000000 0.017126
378.000000 0.017331
379.000000 0.016735
380.000000 0.015545
381.000000 0.015324
382.000000 0.016029
383.000000 0.016520
384.000000 0.016363
385.000000 0.016582
386.000000 0.016843
387.000000 0.016495
388.000000 0.016126
389.000000 0.015616
390.000000 0.015337
391.000000 0.016062
392.000000 0.016493
393.000000 0.016756
394.000000 0.016391
395.000000 0.015352
396.000000 0.015285
397.000000 0.015062
398.000000 0.014810
399.000000 0.014958
400.000000 0.015008
