200.000000 2.079629
201.000000 2.514676
202.000000 2.876110
203.000000 2.732998
204.000000 2.706938
205.000000 2.384402
206.000000 2.000331
207.000000 1.839211
208.000000 1.753102
209.000000 1.647302
210.000000 1.583005
211.000000 1.570412
212.000000 1.586402
213.000000 1.639469
214.000000 1.719514
215.000000 1.816352
216.000000 1.932925
217.000000 2.094425
218.000000 2.279872
219.000000 2.550923
220.000000 2.908817
221.000000 3.106396
222.000000 3.327839
223.000000 3.721789
224.000000 4.020756
225.000000 3.233192
226.000000 2.885420
227.000000 2.990757
228.000000 3.303631
229.000000 3.495972
230.000000 3.866857
231.000000 3.850118
232.000000 3.296838
233.000000 3.255868
234.000000 3.149144
235.000000 2.925567
236.000000 2.890298
237.000000 2.702437
238.000000 2.452618
239.000000 2.208532
240.000000 1.953115
241.000000 1.734859
242.000000 1.544631
243.000000 1.373969
244.000000 1.192729
245.000000 1.000634
246.000000 0.831647
247.000000 0.711408
248.000000 0.630815
249.000000 0.556314
250.000000 0.480638
251.000000 0.418121
252.000000 0.371881
253.000000 0.339248
254.000000 0.315083
255.000000 0.293965
256.000000 0.277309
257.000000 0.265190
258.000000 0.256448
259.000000 0.250739
260.000000 0.249285
261.000000 0.251108
262.000000 0.252538
263.000000 0.255423
264.000000 0.259833
265.000000 0.264668
266.000000 0.270026
267.000000 0.275360
268.000000 0.281973
269.000000 0.287927
270.000000 0.292054
271.000000 0.296521
272.000000 0.299388
273.000000 0.299218
274.000000 0.296733
275.000000 0.293067
276.000000 0.287648
277.000000 0.280805
278.000000 0.272849
279.000000 0.262548
280.000000 0.249808
281.000000 0.234631
282.000000 0.219625
283.000000 0.202955
284.000000 0.183418
285.000000 0.161821
286.000000 0.138200
287.000000 0.114991
288.000000 0.091450
289.000000 0.070173
290.000000 0.052573
291.000000 0.037831
292.000000 0.025913
293.000000 0.018553
294.000000 0.013239
295.000000 0.007467
296.000000 0.003719
297.000000 0.002771
298.000000 0.002021
299.000000 0.000581
300.000000 0.000505
301.000000 0.000312
302.000000 0.000242
303.000000 0.000462
304.000000 -0.000194
305.000000 -0.000418
306.000000 -0.000033
307.000000 -0.000151
308.000000 -0.000450
309.000000 -0.000174
310.000000 0.000449
311.000000 0.000858
312.000000 0.001166
313.000000 0.000414
314.000000 0.000407
315.000000 0.000649
316.000000 0.001000
317.000000 0.001121
318.000000 0.000757
319.000000 0.000783
320.000000 0.000592
321.000000 0.000622
322.000000 0.000228
323.000000 0.000413
324.000000 0.000663
325.000000 0.000386
326.000000 -0.000019
327.000000 -0.000308
328.000000 0.000128
329.000000 0.000541
330.000000 0.000464
331.000000 0.000792
332.000000 0.000870
333.000000 0.000645
334.000000 0.000821
335.000000 0.000912
336.000000 0.000248
337.000000 0.000121
338.000000 0.000478
339.000000 0.000177
340.000000 0.000055
341.000000 0.000092
342.000000 0.000069
343.000000 0.000289
344.000000 -0.000102
345.000000 -0.000312
346.000000 0.000025
347.000000 0.000245
348.000000 0.000270
349.000000 -0.000102
350.000000 0.000049
351.000000 0.000076
352.000000 0.000137
353.000000 0.000401
354.000000 0.000700
355.000000 0.001235
356.000000 0.001083
357.000000 0.000246
358.000000 0.000277
359.000000 -0.000040
360.000000 -0.000730
361.000000 -0.000785
362.000000 -0.000123
363.000000 0.000423
364.000000 0.000195
365.000000 0.000209
366.000000 0.000380
367.000000 0.000324
368.000000 0.000139
369.000000 0.000423
370.000000 0.000745
371.000000 0.000046
372.000000 -0.000518
373.000000 0.000085
374.000000 0.000626
375.000000 0.000461
376.000000 0.000330
377.000000 0.000290
378.000000 0.000038
379.000000 0.000325
380.000000 0.000750
381.000000 0.001140
382.000000 0.001290
383.000000 0.001065
384.000000 0.001010
385.000000 0.000902
386.000000 0.000541
387.000000 0.000358
388.000000 0.000097
389.000000 0.000269
390.000000 0.000709
391.000000 0.001256
392.000000 0.001552
393.000000 0.001430
394.000000 0.001439
395.000000 0.001071
396.000000 0.000545
397.000000 0.000222
398.000000 0.000759
399.000000 0.001468
400.000000 0.001704
