200.000000 0.461499
201.000000 0.424956
202.000000 0.392218
203.000000 0.347343
204.000000 0.314700
205.000000 0.293226
206.000000 0.279837
207.000000 0.268134
208.000000 0.258117
209.000000 0.245629
210.000000 0.236687
211.000000 0.236998
212.000000 0.233230
213.000000 0.225489
214.000000 0.220041
215.000000 0.217061
216.000000 0.214660
217.000000 0.211753
218.000000 0.209738
219.000000 0.205111
220.000000 0.206183
221.000000 0.208931
222.000000 0.203381
223.000000 0.200231
224.000000 0.198668
225.000000 0.195439
226.000000 0.189909
227.000000 0.187730
228.000000 0.185940
229.000000 0.179546
230.000000 0.173175
231.000000 0.166724
232.000000 0.160553
233.000000 0.154605
234.000000 0.147737
235.000000 0.141152
236.000000 0.135822
237.000000 0.130856
238.000000 0.124518
239.000000 0.116942
240.000000 0.109666
241.000000 0.104173
242.000000 0.100526
243.000000 0.097838
244.000000 0.093416
245.000000 0.089683
246.000000 0.088050
247.000000 0.087191
248.000000 0.086208
249.000000 0.083696
250.000000 0.082022
251.000000 0.080807
252.000000 0.079475
253.000000 0.079590
254.000000 0.079255
255.000000 0.077797
256.000000 0.076932
257.000000 0.076306
258.000000 0.075916
259.000000 0.074451
260.000000 0.075835
261.000000 0.077229
262.000000 0.075418
263.000000 0.074349
264.000000 0.073789
265.000000 0.074323
266.000000 0.073615
267.000000 0.072417
268.000000 0.071692
269.000000 0.072279
270.000000 0.071084
271.000000 0.068486
272.000000 0.067344
273.000000 0.067293
274.000000 0.068101
275.000000 0.066168
276.000000 0.063146
277.000000 0.062741
278.000000 0.064167
279.000000 0.063843
280.000000 0.063012
281.000000 0.062690
282.000000 0.061500
283.000000 0.059756
284.000000 0.058763
285.000000 0.056536
286.000000 0.054245
287.000000 0.053769
288.000000 0.052216
289.000000 0.050273
290.000000 0.049269
291.000000 0.048227
292.000000 0.047368
293.000000 0.047745
294.000000 0.047319
295.000000 0.046827
296.000000 0.046158
297.000000 0.045149
298.000000 0.045798
299.000000 0.045059
300.000000 0.043436
301.000000 0.042398
302.000000 0.041988
303.000000 0.042064
304.000000 0.042227
305.000000 0.042843
306.000000 0.043279
307.000000 0.042831
308.000000 0.041566
309.000000 0.040990
310.000000 0.040579
311.000000 0.039237
312.000000 0.037701
313.000000 0.037107
314.000000 0.037123
315.000000 0.036657
316.000000 0.036856
317.000000 0.037636
318.000000 0.037395
319.000000 0.037290
320.000000 0.036763
321.000000 0.035867
322.000000 0.036015
323.000000 0.035729
324.000000 0.035038
325.000000 0.034687
326.000000 0.034199
327.000000 0.033628
328.000000 0.032813
329.000000 0.032761
330.000000 0.032196
331.000000 0.032113
332.000000 0.032854
333.000000 0.032945
334.000000 0.032867
335.000000 0.032859
336.000000 0.032803
337.000000 0.032156
338.000000 0.031877
339.000000 0.032358
340.000000 0.032992
341.000000 0.033171
342.000000 0.033043
343.000000 0.033112
344.000000 0.032883
345.000000 0.031789
346.000000 0.030677
347.000000 0.029142
348.000000 0.027952
349.000000 0.028349
350.000000 0.028395
351.000000 0.027717
352.000000 0.026907
353.000000 0.026813
354.000000 0.026748
355.000000 0.025773
356.000000 0.025248
357.000000 0.025268
358.000000 0.025746
359.000000 0.025262
360.000000 0.025087
361.000000 0.025951
362.000000 0.026307
363.000000 0.026167
364.000000 0.026173
365.000000 0.025769
366.000000 0.025031
367.000000 0.024585
368.000000 0.024929
369.000000 0.025541
370.000000 0.025370
371.000000 0.025139
372.000000 0.025150
373.000000 0.024508
374.000000 0.023421
375.000000 0.023031
376.000000 0.022972
377.000000 0.022848
378.000000 0.023034
379.000000 0.022595
380.000000 0.021297
381.000000 0.020773
382.000000 0.021051
383.000000 0.020967
384.000000 0.020607
385.000000 0.020641
386.000000 0.020761
387.000000 0.020664
388.000000 0.020793
389.000000 0.020978
390.000000 0.020858
391.000000 0.020960
392.000000 0.021103
393.000000 0.022018
394.000000 0.022332
395.000000 0.021804
396.000000 0.022013
397.000000 0.021590
398.000000 0.021344
399.000000 0.021820
400.000000 0.021979
