200.000000 3.344558
201.000000 2.477143
202.000000 2.579153
203.000000 2.639925
204.000000 2.609081
205.000000 2.206318
206.000000 1.834561
207.000000 1.584062
208.000000 1.444068
209.000000 1.376097
210.000000 1.331827
211.000000 1.310413
212.000000 1.323106
213.000000 1.358892
214.000000 1.412839
215.000000 1.489469
216.000000 1.589922
217.000000 1.705524
218.000000 1.830494
219.000000 1.947169
220.000000 2.071406
221.000000 2.211668
222.000000 2.365355
223.000000 2.461057
224.000000 2.557338
225.000000 2.810015
226.000000 2.982658
227.000000 2.901611
228.000000 2.774922
229.000000 2.711754
230.000000 2.749445
231.000000 2.708989
232.000000 2.642535
233.000000 2.491277
234.000000 2.329608
235.000000 2.199217
236.000000 2.084006
237.000000 1.935020
238.000000 1.766478
239.000000 1.578892
240.000000 1.396567
241.000000 1.233784
242.000000 1.086130
243.000000 0.967871
244.000000 0.854416
245.000000 0.723730
246.000000 0.601102
247.000000 0.514006
248.000000 0.456608
249.000000 0.406572
250.000000 0.355271
251.000000 0.310570
252.000000 0.278001
253.000000 0.256214
254.000000 0.239606
255.000000 0.224088
256.000000 0.211922
257.000000 0.202916
258.000000 0.196257
259.000000 0.191485
260.000000 0.189509
261.000000 0.189650
262.000000 0.189655
263.000000 0.191411
264.000000 0.194092
265.000000 0.196620
266.000000 0.199537
267.000000 0.202406
268.000000 0.205871
269.000000 0.209529
270.000000 0.212793
271.000000 0.214336
272.000000 0.213006
273.000000 0.211336
274.000000 0.209149
275.000000 0.205756
276.000000 0.202087
277.000000 0.197344
278.000000 0.191235
279.000000 0.181870
280.000000 0.170617
281.000000 0.159222
282.000000 0.147480
283.000000 0.133162
284.000000 0.118147
285.000000 0.103515
286.000000 0.088642
287.000000 0.073456
288.000000 0.057230
289.000000 0.043264
290.000000 0.031433
291.000000 0.022406
292.000000 0.015393
293.000000 0.010542
294.000000 0.007304
295.000000 0.003506
296.000000 0.001005
297.000000 0.000846
298.000000 0.000168
299.000000 -0.000871
300.000000 -0.000845
301.000000 -0.001318
302.000000 -0.001740
303.000000 -0.001311
304.000000 -0.001190
305.000000 -0.001692
306.000000 -0.001046
307.000000 -0.000632
308.000000 -0.001287
309.000000 -0.000594
310.000000 -0.000471
311.000000 -0.000660
312.000000 0.000172
313.000000 -0.000038
314.000000 -0.000352
315.000000 -0.000336
316.000000 -0.000060
317.000000 0.000132
318.000000 0.000235
319.000000 0.000319
320.000000 -0.000249
321.000000 -0.000659
322.000000 -0.000453
323.000000 -0.000305
324.000000 -0.000209
325.000000 -0.000428
326.000000 -0.001208
327.000000 -0.001344
328.000000 -0.000775
329.000000 -0.000081
330.000000 0.000249
331.000000 0.000364
332.000000 0.000699
333.000000 -0.000052
334.000000 -0.000367
335.000000 -0.000220
336.000000 -0.001130
337.000000 -0.000687
338.000000 -0.000394
339.000000 -0.000515
340.000000 -0.000664
341.000000 -0.000760
342.000000 -0.000565
343.000000 -0.000871
344.000000 -0.000417
345.000000 -0.000521
346.000000 -0.000647
347.000000 -0.000056
348.000000 -0.000163
349.000000 -0.000723
350.000000 -0.001115
351.000000 -0.000714
352.000000 0.000129
353.000000 0.000372
354.000000 0.000386
355.000000 0.000485
356.000000 0.000397
357.000000 -0.000036
358.000000 -0.000186
359.000000 -0.000109
360.000000 -0.000533
361.000000 -0.001093
362.000000 -0.000940
363.000000 -0.000485
364.000000 -0.000307
365.000000 -0.000353
366.000000 -0.000463
367.000000 -0.000565
368.000000 -0.000426
369.000000 -0.000369
370.000000 -0.000578
371.000000 -0.000608
372.000000 -0.000482
373.000000 -0.000357
374.000000 -0.000041
375.000000 0.000108
376.000000 0.000075
377.000000 0.000511
378.000000 0.000626
379.000000 0.000551
380.000000 0.000465
381.000000 0.000603
382.000000 0.000401
383.000000 0.000293
384.000000 0.000681
385.000000 0.000980
386.000000 0.000703
387.000000 0.000181
388.000000 0.000372
389.000000 0.000620
390.000000 0.000170
391.000000 0.000420
392.000000 0.001136
393.000000 0.000535
394.000000 0.000652
395.000000 0.000886
396.000000 0.000436
397.000000 0.000257
398.000000 0.000327
399.000000 0.000502
400.000000 0.000560
