22-03-2024 13:40:03 READ    03 64 61 61 61 30 30 30 30 30 36 31 33 30 30 30 30 30 30 43 46 30 30 30 30 30 46 30 46 30 30 30 30 30 30 30 32 32 43 39 44 0E 
22-03-2024 13:40:03 ANSWER  SpectrumLength(a, 1555, 207, 3855, 2)
22-03-2024 13:40:03 READ    03 64 61 61 61 30 30 30 30 30 37 43 38 30 30 30 30 30 30 42 43 30 30 30 30 31 31 42 31 30 30 30 30 30 30 30 31 38 46 39 38 0E 
22-03-2024 13:40:03 ANSWER  SpectrumLength(a, 1992, 188, 4529, 1)
22-03-2024 13:40:03 READ    03 64 61 61 61 30 30 30 30 30 39 39 36 30 30 30 30 30 31 33 46 30 30 30 30 31 34 35 41 30 30 30 30 30 30 30 35 41 34 42 46 0E 
22-03-2024 13:40:03 ANSWER  SpectrumLength(a, 2454, 319, 5210, 5)
22-03-2024 13:40:04 READ    03 64 61 61 61 30 30 30 30 30 42 33 46 30 30 30 30 30 31 33 36 30 30 30 30 31 36 36 35 30 30 30 30 30 30 30 39 37 36 31 32 0E 
22-03-2024 13:40:04 ANSWER  SpectrumLength(a, 2879, 310, 5733, 9)
22-03-2024 13:40:04 READ    03 64 61 61 61 30 30 30 30 30 43 32 31 30 30 30 30 30 31 33 45 30 30 30 30 31 36 43 35 30 30 30 30 30 30 30 33 39 33 46 45 0E 
22-03-2024 13:40:04 ANSWER  SpectrumLength(a, 3105, 318, 5829, 3)
22-03-2024 13:40:05 READ    03 64 61 61 61 30 30 30 30 30 44 35 39 30 30 30 30 30 31 33 33 30 30 30 30 31 37 37 45 30 30 30 30 30 30 30 38 30 39 36 43 0E 
22-03-2024 13:40:05 ANSWER  SpectrumLength(a, 3417, 307, 6014, 8)
22-03-2024 13:40:05 READ    03 64 61 61 61 30 30 30 30 30 46 31 42 30 30 30 30 30 31 34 32 30 30 30 30 31 39 35 41 30 30 30 30 30 30 30 35 31 32 38 31 0E 
22-03-2024 13:40:05 ANSWER  SpectrumLength(a, 3867, 322, 6490, 5)
22-03-2024 13:40:05 READ    03 64 61 61 61 30 30 30 30 31 31 38 35 30 30 30 30 30 31 33 34 30 30 30 30 31 43 31 36 30 30 30 30 30 30 30 36 32 37 36 43 0E 
22-03-2024 13:40:05 ANSWER  SpectrumLength(a, 4485, 308, 7190, 6)
22-03-2024 13:40:06 READ    03 64 61 61 61 30 30 30 30 31 33 44 43 30 30 30 30 30 31 33 46 30 30 30 30 31 45 43 34 30 30 30 30 30 30 30 37 31 38 44 33 0E 
22-03-2024 13:40:06 ANSWER  SpectrumLength(a, 5084, 319, 7876, 7)
22-03-2024 13:40:06 READ    03 64 61 61 61 30 30 30 30 31 36 39 44 30 30 30 30 30 31 33 37 30 30 30 30 32 31 45 37 30 30 30 30 30 30 30 35 36 31 42 42 0E 
22-03-2024 13:40:06 ANSWER  SpectrumLength(a, 5789, 311, 8679, 5)
22-03-2024 13:40:06 READ    03 64 61 61 61 30 30 30 30 31 37 30 46 30 30 30 30 30 30 37 42 30 30 30 30 32 31 44 39 30 30 30 30 30 30 30 31 31 42 31 41 0E 
22-03-2024 13:40:06 ANSWER  SpectrumLength(a, 5903, 123, 8665, 1)
22-03-2024 13:40:07 READ    03 64 61 61 61 30 30 30 30 31 39 45 42 30 30 30 30 30 31 31 44 30 30 30 30 32 34 31 36 30 30 30 30 30 30 30 35 32 30 31 37 0E 
22-03-2024 13:40:07 ANSWER  SpectrumLength(a, 6635, 285, 9238, 5)
22-03-2024 13:40:07 READ    03 64 61 61 61 30 30 30 30 31 43 33 33 30 30 30 30 30 31 34 30 30 30 30 30 32 36 36 30 30 30 30 30 30 30 30 37 34 36 46 44 0E 
22-03-2024 13:40:07 ANSWER  SpectrumLength(a, 7219, 320, 9824, 7)
22-03-2024 13:40:08 READ    03 64 61 61 61 30 30 30 30 31 46 39 36 30 30 30 30 30 31 33 36 30 30 30 30 32 41 30 32 30 30 30 30 30 30 30 35 41 42 32 34 0E 
22-03-2024 13:40:08 ANSWER  SpectrumLength(a, 8086, 310, 10754, 5)
22-03-2024 13:40:08 READ    03 64 61 61 61 30 30 30 30 32 32 38 36 30 30 30 30 30 31 34 30 30 30 30 30 32 43 44 46 30 30 30 30 30 30 30 35 38 42 32 44 0E 
22-03-2024 13:40:08 ANSWER  SpectrumLength(a, 8838, 320, 11487, 5)
22-03-2024 13:40:08 READ    03 64 61 61 61 30 30 30 30 31 45 41 41 30 30 30 30 30 31 33 46 30 30 30 30 32 36 42 34 30 30 30 30 30 30 30 39 35 41 44 32 0E 
22-03-2024 13:40:08 ANSWER  SpectrumLength(a, 7850, 319, 9908, 9)
22-03-2024 13:40:09 READ    03 64 61 61 61 30 30 30 30 32 33 34 37 30 30 30 30 30 31 33 43 30 30 30 30 32 43 30 46 30 30 30 30 30 30 30 35 39 30 44 34 0E 
22-03-2024 13:40:09 ANSWER  SpectrumLength(a, 9031, 316, 11279, 5)
22-03-2024 13:40:09 READ    03 64 61 61 61 30 30 30 30 32 32 34 45 30 30 30 30 30 31 33 45 30 30 30 30 32 41 36 30 30 30 30 30 30 30 30 34 31 44 42 34 0E 
22-03-2024 13:40:09 ANSWER  SpectrumLength(a, 8782, 318, 10848, 4)
