200.000000 0.020758
201.000000 0.018485
202.000000 0.019210
203.000000 0.029452
204.000000 0.023452
205.000000 0.010511
206.000000 0.013133
207.000000 0.015615
208.000000 0.016740
209.000000 0.017429
210.000000 0.017928
211.000000 0.018337
212.000000 0.020203
213.000000 0.021714
214.000000 0.014790
215.000000 0.011222
216.000000 0.014483
217.000000 0.015321
218.000000 0.015472
219.000000 0.015158
220.000000 0.013677
221.000000 0.013971
222.000000 0.016982
223.000000 0.014272
224.000000 0.010011
225.000000 0.011083
226.000000 0.011534
227.000000 0.010810
228.000000 0.011007
229.000000 0.011640
230.000000 0.011041
231.000000 0.010154
232.000000 0.009160
233.000000 0.007996
234.000000 0.007666
235.000000 0.008697
236.000000 0.009743
237.000000 0.008981
238.000000 0.008467
239.000000 0.008677
240.000000 0.008953
241.000000 0.008506
242.000000 0.007087
243.000000 0.007641
244.000000 0.007593
245.000000 0.007198
246.000000 0.008543
247.000000 0.009489
248.000000 0.009846
249.000000 0.008955
250.000000 0.007188
251.000000 0.006307
252.000000 0.006690
253.000000 0.008171
254.000000 0.009522
255.000000 0.009166
256.000000 0.008471
257.000000 0.009588
258.000000 0.010335
259.000000 0.009370
260.000000 0.008963
261.000000 0.010684
262.000000 0.011324
263.000000 0.010286
264.000000 0.009845
265.000000 0.009019
266.000000 0.007829
267.000000 0.007444
268.000000 0.008368
269.000000 0.009488
270.000000 0.008865
271.000000 0.008525
272.000000 0.008214
273.000000 0.008608
274.000000 0.009576
275.000000 0.008934
276.000000 0.008912
277.000000 0.009120
278.000000 0.009239
279.000000 0.009191
280.000000 0.007677
281.000000 0.006944
282.000000 0.007551
283.000000 0.007313
284.000000 0.007843
285.000000 0.008213
286.000000 0.008607
287.000000 0.009351
288.000000 0.008584
289.000000 0.008452
290.000000 0.008349
291.000000 0.008295
292.000000 0.007975
293.000000 0.008499
294.000000 0.009141
295.000000 0.008512
296.000000 0.008008
297.000000 0.008084
298.000000 0.008256
299.000000 0.008156
300.000000 0.008626
301.000000 0.008522
302.000000 0.009414
303.000000 0.009670
304.000000 0.008700
305.000000 0.007739
306.000000 0.007807
307.000000 0.008165
308.000000 0.007615
309.000000 0.007337
310.000000 0.007042
311.000000 0.008008
312.000000 0.008901
313.000000 0.008657
314.000000 0.008385
315.000000 0.008388
316.000000 0.008783
317.000000 0.008737
318.000000 0.008557
319.000000 0.008188
320.000000 0.007888
321.000000 0.007736
322.000000 0.007453
323.000000 0.007849
324.000000 0.007976
325.000000 0.007395
326.000000 0.006983
327.000000 0.007006
328.000000 0.007624
329.000000 0.007521
330.000000 0.007794
331.000000 0.008019
332.000000 0.007635
333.000000 0.007190
334.000000 0.007154
335.000000 0.007551
336.000000 0.005578
337.000000 0.005291
338.000000 0.006794
339.000000 0.007364
340.000000 0.007221
341.000000 0.006874
342.000000 0.007440
343.000000 0.007382
344.000000 0.006968
345.000000 0.006138
346.000000 0.006095
347.000000 0.006953
348.000000 0.006663
349.000000 0.006151
350.000000 0.006316
351.000000 0.006044
352.000000 0.005628
353.000000 0.006231
354.000000 0.006781
355.000000 0.006708
356.000000 0.006882
357.000000 0.006420
358.000000 0.006253
359.000000 0.006633
360.000000 0.006389
361.000000 0.005886
362.000000 0.005980
363.000000 0.005669
364.000000 0.005186
365.000000 0.005136
366.000000 0.006016
367.000000 0.006215
368.000000 0.004878
369.000000 0.004868
370.000000 0.005264
371.000000 0.005072
372.000000 0.005208
373.000000 0.005591
374.000000 0.005919
375.000000 0.006005
376.000000 0.005834
377.000000 0.006252
378.000000 0.006627
379.000000 0.006473
380.000000 0.006251
381.000000 0.006641
382.000000 0.006623
383.000000 0.006391
384.000000 0.006321
385.000000 0.006431
386.000000 0.006802
387.000000 0.006496
388.000000 0.006120
389.000000 0.006136
390.000000 0.005752
391.000000 0.005704
392.000000 0.005902
393.000000 0.005384
394.000000 0.005252
395.000000 0.005417
396.000000 0.004991
397.000000 0.004088
398.000000 0.004319
399.000000 0.005184
400.000000 0.005473
