0.000000 -0.000643
0.016667 -0.001011
0.033067 -0.000104
0.050000 0.000017
0.066667 0.000148
0.083067 -0.000093
0.100000 -0.001097
0.116667 -0.000511
0.133333 0.000134
0.150000 -0.000530
0.166667 -0.000210
0.183333 -0.000224
0.200000 -0.000870
0.216667 0.000187
0.233067 -0.001101
0.249733 0.000002
0.266667 -0.000549
0.283583 -0.000196
0.300000 0.000064
0.316667 -0.000395
0.333067 0.001136
0.350000 0.001248
0.366667 -0.000525
0.383583 0.000094
0.400000 0.000065
0.416667 -0.000258
0.433333 -0.000422
0.450000 -0.000583
0.466667 -0.000022
0.483333 0.000685
0.499733 -0.000227
0.516667 0.000328
0.533333 0.000670
0.550000 -0.001188
0.566667 0.000892
0.583067 -0.000579
0.599733 -0.000053
0.616400 0.000169
0.633067 0.000204
0.650000 0.000441
0.666667 -0.000576
0.683067 -0.000582
0.700000 -0.000350
0.716917 0.000419
0.733333 0.000312
0.750000 -0.000060
0.766667 0.000101
0.783583 -0.000192
0.800250 -0.000259
0.816667 -0.000479
0.833067 -0.000496
0.850000 -0.000578
0.866917 0.000172
0.883067 -0.000462
0.900250 -0.000500
0.916667 -0.000129
0.933333 0.000744
0.950250 -0.000564
0.966667 -0.000263
0.983333 0.000629
1.000000 -0.000798
1.016667 0.000042
1.033067 0.000022
1.050000 0.000651
1.066667 -0.000806
1.083067 0.000246
1.100000 -0.001014
1.116400 -0.000075
1.133067 0.000210
1.149733 0.000729
1.166667 -0.000482
1.183333 0.001441
1.199733 0.000470
1.216917 -0.000038
1.233333 0.000232
1.250000 -0.000210
1.266667 -0.000050
1.283067 0.000924
1.300000 0.000139
1.316667 0.000096
1.333333 -0.000252
1.349733 0.000310
1.366667 -0.000129
1.383333 -0.000834
1.400000 0.000168
1.416667 -0.001030
1.433583 0.000762
1.449733 0.000392
1.466667 -0.000473
1.483333 0.000326
1.500000 0.000060
1.516667 0.000302
1.533333 -0.000255
1.550000 0.000135
1.566917 0.000081
1.583333 -0.000179
1.600250 -0.000062
1.616917 -0.000172
1.633583 -0.000798
1.650250 0.000512
1.666667 -0.000001
1.683333 0.000278
1.700000 -0.000281
1.716917 -0.000546
1.733067 -0.000132
1.749733 0.000287
1.766400 0.000040
1.783583 0.000267
1.799733 0.001305
1.816667 0.000005
1.833583 0.001104
1.850000 -0.000080
1.866917 0.000038
1.883067 0.000267
1.900000 0.000076
1.916917 0.000226
1.933583 -0.000910
1.950250 0.000213
1.966400 0.000451
1.983333 0.000244
2.000000 -0.000554
2.016400 -0.000327
2.033333 -0.000439
2.049733 0.000240
2.066917 -0.000231
2.083333 0.000521
2.100000 0.000249
2.116667 0.000781
2.133067 -0.000435
2.150000 0.000303
2.166667 -0.000664