 
График8 
-------------------
0.000000 0.064998
0.016667 0.059047
0.033333 0.057789
0.050000 0.058095
0.066933 0.057583
0.083333 0.056051
0.100000 0.055197
0.116667 0.056522
0.133333 0.056718
0.150000 0.055771
0.166667 0.055607
0.183333 0.055558
0.200267 0.055642
0.216667 0.055780
0.233083 0.055529
0.250267 0.055725
0.266417 0.057195
0.283333 0.056025
0.299750 0.056302
0.316667 0.055695
0.333333 0.056796
0.350000 0.056680
0.366417 0.057972
0.383333 0.058933
0.400000 0.058297
0.416667 0.057390
0.433333 0.057816
0.450000 0.060303
0.466667 0.059852
0.483333 0.060406
0.500000 0.059866
0.516933 0.068111
0.533333 0.062307
0.550267 0.061482
0.566417 0.065715
0.583333 0.062372
0.600000 0.061727
0.616667 0.061996
0.633083 0.063182
0.650000 0.062512
0.666417 0.064345
0.683083 0.064648
0.700267 0.064661
0.716933 0.065682
0.733333 0.065262
0.750000 0.066401
0.766667 0.066096
0.783333 0.067488
0.800000 0.067678
0.816667 0.068204
0.833083 0.068058
0.850000 0.069774
0.866933 0.069405
0.883333 0.071163
0.899750 0.070302
0.916417 0.071697
0.933083 0.073039
0.950000 0.073389
0.966933 0.073482
0.983083 0.075257
1.000000 0.075154
1.016933 0.076876
1.033083 0.077765
1.050000 0.077975
1.066667 0.079138
1.083333 0.079935
1.100000 0.081462
1.116417 0.083109
1.133083 0.083987
1.150000 0.085517
1.166417 0.085362
1.183333 0.087565
1.200000 0.088991
1.216417 0.089329
1.233333 0.091595
1.250000 0.092572
1.266667 0.094256
1.283600 0.096252
1.300000 0.096319
1.316417 0.098254
1.333333 0.099407
1.350000 0.100983
1.366667 0.103000
1.383600 0.104783
1.400000 0.106700
1.416933 0.108646
1.433333 0.110959
1.450267 0.114159
1.466667 0.115867
1.483333 0.118200
1.499750 0.119705
1.516667 0.123262
1.533333 0.124821
1.550267 0.127937
1.566933 0.131154
1.583600 0.133549
1.600267 0.136068
1.616933 0.139048
1.633600 0.142901
1.650267 0.146213
1.666933 0.149037
1.683600 0.152289
1.700267 0.155688
1.716933 0.159145
1.733333 0.161730
1.750000 0.165912
1.766667 0.168968
1.783600 0.173013
1.800000 0.177273
1.816933 0.181593
1.833600 0.185434
1.850267 0.189484
1.866667 0.194485
1.883083 0.198802
1.899750 0.204016
1.916417 0.208395
1.933333 0.214507
1.949750 0.219363
1.966417 0.224274
1.983333 0.228183
2.000000 0.233266
2.016667 0.238065
2.033333 0.243826
2.050000 0.249724
2.066933 0.255804
2.083333 0.261738
2.100267 0.265055
2.116417 0.268708
2.133333 0.274145
2.150000 0.280075
2.166667 0.285451
2.183600 0.290874
2.200000 0.296565
2.216933 0.302308
2.233333 0.307875
2.250000 0.313300
2.266667 0.319425
2.283600 0.324681
2.299750 0.330771
2.316417 0.336214
2.333083 0.341871
2.349750 0.347927
2.366417 0.352902
2.383083 0.358366
2.400000 0.364869
2.416667 0.371425
2.433333 0.377409
2.449750 0.383271
2.466933 0.389504
2.483083 0.395473
2.500000 0.401789
2.516933 0.407770
2.533333 0.413154
2.549750 0.419754
2.566667 0.425692
2.583600 0.431628
2.600000 0.437983
2.616667 0.443221
2.633083 0.449807
2.650000 0.456466
2.666667 0.462786
2.683600 0.469330
2.699750 0.475309
2.716667 0.480400
2.733083 0.487170
2.750267 0.492611
2.766933 0.498389
2.783083 0.504034
2.799750 0.509931
2.816667 0.516233
2.833083 0.522221
2.849750 0.528132
2.866667 0.533903
2.883083 0.540489
2.900000 0.544811
2.916933 0.551808
2.933083 0.557362
2.950000 0.561716
2.966933 0.568806
2.983333 0.573066
3.000267 0.580889
3.016667 0.585997
3.033600 0.592867
3.049750 0.598780
3.066667 0.603831
3.083083 0.610842
3.099750 0.616471
3.116667 0.621768
3.133333 0.629200
3.150000 0.632901
3.166933 0.641462
3.183600 0.646792
3.200267 0.652637
3.216933 0.659135
3.233083 0.663061
3.249750 0.670381
3.266933 0.674473
3.283333 0.680925
3.300000 0.686924
3.316667 0.691752
3.333333 0.699398
3.350000 0.703894
3.366417 0.710735
3.383083 0.713403
3.400267 0.722882
3.416933 0.728157
3.433333 0.732582
3.450000 0.737147
3.466667 0.744635
3.483600 0.751059
3.500000 0.753793
3.516417 0.761656
3.533333 0.768199
3.550267 0.774921
3.566667 0.780086
3.583083 0.785815
3.600000 0.790883
3.616417 0.797987
3.633083 0.802207
3.649750 0.808860
3.666667 0.813183
3.683083 0.819320
3.699750 0.825487
3.716417 0.832287
3.733600 0.834169
3.750000 0.840942
3.766667 0.846969
3.783600 0.855195
3.800000 0.859089
3.816667 0.858117
3.833333 0.871517
3.850000 0.875552
3.866667 0.880080
3.883333 0.885620
3.900000 0.892173
3.916667 0.898352
3.933333 0.902180
3.950000 0.908263
3.966667 0.915619
3.983083 0.920603
4.000000 0.925377
4.016933 0.932845
4.033083 0.936624
4.050267 0.939213
4.066933 0.947182
4.083600 0.948715
4.100267 0.952950
4.116417 0.965623
4.133333 0.968125
4.150000 0.965690
4.166667 0.976565
4.183600 0.988445
4.199750 0.989889
4.216417 0.992392
4.233083 1.001082
4.250000 1.005778
4.266667 1.003782
4.283333 1.007240
4.300267 1.022625
4.316417 1.023126
4.333600 1.030557
4.350267 1.037170
4.366417 1.038882
4.383600 1.048181
4.399750 1.054141
4.416417 1.058062
4.433333 1.058250
4.450267 1.063840
4.466933 1.073025
4.483600 1.075693
4.500000 1.070232
4.516417 1.082905
4.533083 1.083259
4.549750 1.091508
4.566417 1.100314
4.583333 1.094279
4.599750 1.113066
4.616667 1.110967
4.633333 1.114754
4.649750 1.125800
4.666667 1.128554
4.683333 1.128942
4.699750 1.138010
4.716667 1.143625
4.733083 1.145932
4.750000 1.157125
4.766417 1.153399
4.783083 1.158748
4.800267 1.169043
4.816417 1.170243
4.833333 1.179279
4.850000 1.187919
4.866417 1.187207
4.883333 1.196731
4.900000 1.194854
4.916417 1.193516
4.933083 1.210778
4.949750 1.209077
4.966667 1.218712
4.983333 1.216371
5.000000 1.226983
5.016667 1.234371
5.033333 1.235058
5.049750 1.237973
5.066417 1.232406
5.083600 1.250450
5.100267 1.248199
5.116933 1.256233
5.133600 1.254986
5.150267 1.267261
5.166667 1.264045
5.183333 1.262153
5.200267 1.272349
5.216417 1.269900
5.233083 1.279562
5.249750 1.283484
5.266667 1.288258
5.283600 1.280572
5.300000 1.285789
5.316667 1.302700
5.333083 1.305075
5.350000 1.315453
5.366667 1.296326
5.383333 1.316785
5.399750 1.315876
5.416667 1.314088
5.433333 1.329885
5.450000 1.315871
5.466667 1.337081
5.483083 1.338500
5.500000 1.344416
5.516667 1.337972
5.533083 1.333346
5.550000 1.362071
5.566667 1.359677
5.583083 1.360205
5.599750 1.360771
5.616667 1.365783
5.633333 1.369985
5.649750 1.357863
5.666417 1.365544
5.683333 1.388557
5.699750 1.378449
5.716667 1.397478
5.733333 1.396236
5.750267 1.381411
5.766417 1.393448
5.783600 1.419919
5.800000 1.410964
5.816417 1.414057
5.833600 1.421621
5.850267 1.411402
5.866667 1.421516
5.883333 1.413975
5.899750 1.411384
5.916417 1.431005
5.933083 1.407320
5.949750 1.414123
5.966417 1.442257
5.983333 1.447497
6.000000 1.446168
6.016667 1.435844
6.033600 1.443103
6.050267 1.457474
6.066933 1.450188
6.083333 1.444087
6.100267 1.447961
6.116667 1.467400
6.133083 1.465443
6.150000 1.460394
6.166667 1.482506
6.183600 1.468393
6.199750 1.476370
6.216667 1.469972
6.233083 1.480381
6.250000 1.486347
6.266667 1.485318
6.283083 1.480948
6.300000 1.478384
6.316417 1.484581
6.333333 1.475709
6.350000 1.500454
6.366933 1.496502
6.383600 1.500939
6.399750 1.485342
6.416667 1.479966
6.433333 1.488904
6.450000 1.500933
6.466667 1.495575
6.483333 1.509808
6.500267 1.500064
6.516667 1.498537
6.533333 1.515132
6.550000 1.493667
6.566667 1.501593
6.583083 1.519083
6.600000 1.503794
6.616667 1.526795
6.633333 1.527667
6.650000 1.503391
6.666667 1.524966
6.683600 1.527192
6.699750 1.527328
6.716417 1.510598
6.733333 1.549091
6.750000 1.524971
6.766933 1.507979
6.783333 1.540111
6.800000 1.533552
6.816667 1.540318
6.833083 1.539465
6.850000 1.535470
6.866417 1.535200
6.883333 1.535064
6.900000 1.536998
6.916667 1.515633
6.933333 1.538780
6.950000 1.551606
6.966417 1.547820
6.983083 1.544172
7.000267 1.504544
7.016933 1.539513
7.033333 1.564380
7.050000 1.536626
7.066667 1.532944
7.083333 1.537265
7.099750 1.550754
7.116417 1.536142
7.133600 1.539514
7.150267 1.529913
7.166667 1.554433
7.183333 1.542746
7.200267 1.522168
7.216417 1.549737
7.233333 1.557488
7.250000 1.545290
7.266667 1.546848
7.283333 1.539386
7.300000 1.560453
7.316933 1.553506
7.333333 1.542170
7.349750 1.554587
7.366933 1.545391
7.383333 1.553874
7.400000 1.538359
7.416667 1.540092
7.433333 1.542681
7.450000 1.550304
7.466933 1.554553
7.483600 1.547879
7.500267 1.535556
7.516417 1.551220
7.533600 1.541897
7.550267 1.559645
7.566667 1.565592
7.583083 1.561314
7.600267 1.546573
7.616667 1.544721
7.633333 1.534517
7.650267 1.552774
7.666667 1.559311
7.683333 1.540264
7.699750 1.552081
7.716933 1.549565
7.733600 1.554496
7.750267 1.549377
7.766667 1.559131
7.783867 1.538160
7.800000 1.560406
7.816667 1.547817
7.833083 1.546409
7.849750 1.556498
7.866933 1.530202
7.883333 1.537065
7.900267 1.553504
7.916667 1.531035
7.933600 1.562293
7.950000 1.539028
7.966667 1.541231
7.983333 1.540929
8.000267 1.535193
8.016933 1.563521
8.033600 1.548025
8.050267 1.565910
8.066933 1.565562
8.083600 1.555707
8.100267 1.565677
8.116933 1.564081
8.133333 1.526171
8.150267 1.541096
8.166933 1.554377
 
График9 
-------------------
0.000000 0.003325
0.016667 0.003658
0.033333 0.004451
0.050000 0.004222
0.066667 0.004946
0.083333 0.003947
0.100000 0.003152
0.116667 0.002110
0.133333 0.001866
0.150000 0.002774
0.166667 0.002124
0.183333 0.001359
0.200000 0.002560
0.216667 0.001603
0.233333 0.003420
0.250000 0.002845
0.266667 0.002561
0.283333 0.003509
0.300000 0.002826
0.316667 0.002691
0.333333 0.004330
0.350000 0.001818
0.366667 0.002609
0.383333 0.002793
0.400000 0.004670
0.416667 0.001902
0.433333 0.003083
0.450000 0.002761
0.466667 0.002982
0.483333 0.002243
0.500000 0.003296
0.516667 0.002233
0.533333 0.001566
0.550000 0.002463
0.566667 0.002170
0.583333 0.002026
0.600000 0.002744
0.616667 0.002094
0.633333 0.003482
0.650000 0.002250
0.666667 0.002671
0.683333 0.002681
0.700000 0.002888
0.716667 0.002782
0.733333 0.002785
0.750000 0.003680
0.766667 0.003200
0.783333 0.003901
0.800000 0.003284
0.816667 0.003418
0.833333 0.004222
0.850000 0.004219
0.866667 0.004874
0.883333 0.004205
0.900000 0.004282
0.916667 0.003383
0.933333 0.003171
0.950000 0.003593
0.966667 0.003038
0.983333 0.004528
1.000000 0.003836
1.016667 0.003171
1.033333 0.003225
1.050000 0.005747
1.066667 0.003543
1.083333 0.004484
1.100000 0.005168
1.116667 0.003558
1.133333 0.004522
1.150000 0.004320
1.166667 0.006317
1.183333 0.004800
1.200000 0.005289
1.216667 0.005233
1.233333 0.007199
1.250000 0.005319
1.266667 0.005108
1.283333 0.005398
1.300000 0.004098
1.316667 0.004728
1.333333 0.004123
1.350000 0.004655
1.366667 0.004819
1.383333 0.003455
1.400000 0.003493
1.416667 0.004455
1.433333 0.003746
1.450000 0.003158
1.466667 0.002901
1.483333 0.003771
1.500000 0.004413
1.516667 0.004076
1.533333 0.003336
1.550000 0.003362
1.566667 0.003547
1.583333 0.002816
1.600000 0.003029
1.616667 0.004199
1.633333 0.005398
1.650000 0.006514
1.666667 0.010855
1.683333 0.006118
1.700000 0.003222
1.716667 0.004106
1.733333 0.003991
1.750000 0.003174
1.766667 0.003608
1.783333 0.005190
1.800000 0.003121
1.816667 0.004457
1.833333 0.003166
1.850000 0.002528
1.866667 0.003204
1.883333 0.002728
1.900000 0.003303
1.916667 0.002946
1.933333 0.003056
1.950000 0.002322
1.966667 0.002353
1.983333 0.002093
2.000000 0.003860
2.016667 0.003274
2.033333 0.004059
2.050000 0.003350
2.066667 0.002841
2.083333 0.002946
2.100000 0.004383
2.116667 0.003797
2.133333 0.003480
2.150000 0.004627
2.166667 0.002907
2.183333 0.002944
2.200000 0.003309
2.216667 0.003333
2.233333 0.002490
2.250000 0.002223
2.266667 0.004345
2.283333 0.004568
2.300000 0.002337
2.316667 0.002531
2.333333 0.003477
2.350000 0.002833
2.366667 0.003757
2.383333 0.004133
2.400000 0.002107
2.416667 0.003117
2.433333 0.003288
2.450000 0.003800
2.466667 0.003593
2.483333 0.002604
2.500000 0.003876
2.516667 0.003664
2.533333 0.003652
2.550000 0.007708
2.566667 0.006103
2.583333 0.004104
2.600000 0.003693
2.616667 0.004247
2.633333 0.003027
2.650000 0.003355
2.666667 0.003146
2.683333 0.003373
2.700000 0.003959
2.716667 0.004964
2.733333 0.002650
2.750000 0.002997
2.766667 0.003097
2.783333 0.003976
2.800000 0.004312
2.816667 0.003970
2.833333 0.004020
2.850000 0.003652
2.866667 0.004078
2.883333 0.004271
2.900000 0.004033
2.916667 0.003417
2.933333 0.004721
2.950000 0.006085
2.966667 0.006531
2.983333 0.003864
3.000000 0.004779
3.016667 0.005996
3.033333 0.005790
3.050000 0.004721
3.066667 0.003917
3.083333 0.004635
3.100000 0.004273
3.116667 0.005734
3.133333 0.007265
3.150000 0.005810
3.166667 0.007373
3.183333 0.006137
3.200000 0.007196
3.216667 0.006947
3.233333 0.007019
3.250000 0.007674
3.266667 0.007060
3.283333 0.006772
3.300000 0.006859
3.316667 0.008092
3.333333 0.006872
3.350000 0.007636
3.366667 0.007805
3.383333 0.007170
3.400000 0.007254
3.416667 0.007862
3.433333 0.008059
3.450000 0.008634
3.466667 0.007943
3.483333 0.008407
3.500000 0.007874
3.516667 0.007282
3.533333 0.007829
3.550000 0.008838
3.566667 0.008288
3.583333 0.007967
3.600000 0.007552
3.616667 0.008758
3.633333 0.008939
3.650000 0.006989
3.666667 0.007270
3.683333 0.007556
3.700000 0.006329
3.716667 0.006388
3.733333 0.005817
3.750000 0.007533
3.766667 0.006753
3.783333 0.005259
3.800000 0.006482
3.816667 0.006567
3.833333 0.005599
3.850000 0.006777
3.866667 0.005792
3.883333 0.005910
3.900000 0.005619
3.916667 0.005460
3.933333 0.005527
3.950000 0.005759
3.966667 0.005985
3.983333 0.005580
4.000000 0.006624
4.016667 0.006823
4.033333 0.006057
4.050000 0.006550
4.066667 0.007826
4.083333 0.006388
4.100000 0.006692
4.116667 0.007850
4.133333 0.007021
4.150000 0.007509
4.166667 0.008626
4.183333 0.007361
4.200000 0.008020
4.216667 0.007861
4.233333 0.006943
4.250000 0.006709
4.266667 0.005558
4.283333 0.006324
4.300000 0.006302
4.316667 0.006734
4.333333 0.006157
4.350000 0.006421
4.366667 0.005920
4.383333 0.006796
4.400000 0.005922
4.416667 0.007073
4.433333 0.006039
4.450000 0.005989
4.466667 0.006513
4.483333 0.006678
4.500000 0.007738
4.516667 0.007011
4.533333 0.008384
4.550000 0.007605
4.566667 0.008400
4.583333 0.007469
4.600000 0.007636
4.616667 0.007752
4.633333 0.006651
4.650000 0.006838
4.666667 0.006521
4.683333 0.006419
4.700000 0.005934
4.716667 0.006327
4.733333 0.006076
4.750000 0.007613
4.766667 0.006626
4.783333 0.007589
4.800000 0.006593
4.816667 0.007625
4.833333 0.006826
4.850000 0.006359
4.866667 0.006949
4.883333 0.006572
4.900000 0.006547
4.916667 0.007632
4.933333 0.006782
4.950000 0.006496
4.966667 0.006757
4.983333 0.006757
5.000000 0.006280
5.016667 0.007602
5.033333 0.006824
5.050000 0.007140
5.066667 0.006419
5.083333 0.008342
5.100000 0.007443
5.116667 0.008085
5.133333 0.008958
5.150000 0.007808
5.166667 0.008325
5.183333 0.008118
5.200000 0.008892
5.216667 0.008884
5.233333 0.008926
5.250000 0.009830
5.266667 0.008456
5.283333 0.008156
5.300000 0.007866
5.316667 0.007502
5.333333 0.008398
5.350000 0.007457
5.366667 0.007008
5.383333 0.007558
5.400000 0.006223
5.416667 0.007266
5.433333 0.007903
5.450000 0.006760
5.466667 0.007806
5.483333 0.007559
5.500000 0.008018
5.516667 0.007235
5.533333 0.007295
5.550000 0.007611
5.566667 0.006539
5.583333 0.007423
5.600000 0.007598
5.616667 0.008773
5.633333 0.007750
5.650000 0.008084
5.666667 0.009185
5.683333 0.007467
5.700000 0.007499
5.716667 0.007760
5.733333 0.007679
5.750000 0.007684
5.766667 0.008099
5.783333 0.007582
5.800000 0.007371
5.816667 0.008224
5.833333 0.007462
5.850000 0.006655
5.866667 0.006742
5.883333 0.006869
5.900000 0.007308
5.916667 0.006535
5.933333 0.007124
5.950000 0.007760
5.966667 0.006837
5.983333 0.007876
6.000000 0.007226
6.016667 0.007063
6.033333 0.007173
6.050000 0.007129
6.066667 0.007833
6.083333 0.007038
6.100000 0.007716
6.116667 0.008044
6.133333 0.008608
6.150000 0.008746
6.166667 0.009066
6.183333 0.008165
6.200000 0.009052
6.216667 0.007772
6.233333 0.007995
6.250000 0.007967
6.266667 0.008741
6.283333 0.008187
6.300000 0.007920
6.316667 0.007768
6.333333 0.008467
6.350000 0.007262
6.366667 0.008139
6.383333 0.007776
6.400000 0.008201
6.416667 0.007612
6.433333 0.007210
6.450000 0.007695
6.466667 0.007316
6.483333 0.008988
6.500000 0.009069
6.516667 0.007119
6.533333 0.007255
6.550000 0.007411
6.566667 0.008827
6.583333 0.008907
6.600000 0.007620
6.616667 0.007272
6.633333 0.007278
6.650000 0.007004
6.666667 0.007857
6.683333 0.008063
6.700000 0.007414
6.716667 0.008851
6.733333 0.008105
6.750000 0.007902
6.766667 0.008228
6.783333 0.007749
6.800000 0.007917
6.816667 0.008191
6.833333 0.007292
6.850000 0.007899
6.866667 0.007103
6.883333 0.008018
6.900000 0.008585
6.916667 0.008056
6.933333 0.008633
6.950000 0.008793
6.966667 0.007742
6.983333 0.007989
7.000000 0.007364
7.016667 0.008446
7.033333 0.007322
7.050000 0.007300
7.066667 0.008109
7.083333 0.006982
7.100000 0.008153
7.116667 0.007542
7.133333 0.007976
7.150000 0.006986
7.166667 0.007345
7.183333 0.007309
7.200000 0.007361
7.216667 0.008182
7.233333 0.007953
7.250000 0.008634
7.266667 0.008012
7.283333 0.007817
7.300000 0.007396
7.316667 0.007647
7.333333 0.007748
7.350000 0.007493
7.366667 0.008728
7.383333 0.007231
7.400000 0.007727
7.416667 0.008207
7.433333 0.007577
7.450000 0.007668
7.466667 0.007732
7.483333 0.007657
7.500000 0.007951
7.516667 0.008874
7.533333 0.007930
7.550000 0.007697
7.566667 0.007878
7.583333 0.007743
7.600000 0.007804
7.616667 0.008098
7.633333 0.007158
7.650000 0.007580
7.666667 0.007051
7.683333 0.007387
7.700000 0.008367
7.716667 0.008402
7.733333 0.007106
7.750000 0.007790
7.766667 0.007408
7.783333 0.007099
7.800000 0.008466
7.816667 0.009430
7.833333 0.007450
7.850000 0.008679
7.866667 0.008450
7.883333 0.009051
7.900000 0.008711
7.916667 0.007619
7.933333 0.007838
7.950000 0.007899
7.966667 0.007553
7.983333 0.008516
8.000000 0.008267
8.016667 0.008352
8.033333 0.007464
8.050000 0.007898
8.066667 0.008522
8.083333 0.008226
8.100000 0.007302
8.116667 0.008298
8.133333 0.007723
8.150000 0.008948
8.166667 0.009092
8.183333 0.008558
8.200000 0.008210
8.216667 0.009191
8.233333 0.007968
8.250000 0.008146
8.266667 0.009239
8.283333 0.009226
8.300000 0.008749
8.316667 0.008144
8.333333 0.007622
8.350000 0.007574
8.366667 0.008723
8.383333 0.007616
8.400000 0.008402
8.416667 0.008233
8.433333 0.008451
8.450000 0.007323
8.466667 0.007501
8.483333 0.008128
8.500000 0.007557
8.516667 0.008972
8.533333 0.008908
8.550000 0.008418
8.566667 0.007637
8.583333 0.008049
8.600000 0.009144
8.616667 0.008526
8.633333 0.007160
8.650000 0.008707
8.666667 0.007859
8.683333 0.007346
8.700000 0.008054
8.716667 0.007480
8.733333 0.008028
8.750000 0.008725
8.766667 0.008266
8.783333 0.007696
8.800000 0.007678
8.816667 0.007802
8.833333 0.007719
8.850000 0.008063
8.866667 0.007838
8.883333 0.007878
8.900000 0.008325
8.916667 0.008220
8.933333 0.009462
8.950000 0.010515
8.966667 0.010060
8.983333 0.010980
9.000000 0.010667
9.016667 0.011548
9.033333 0.010740
9.050000 0.010974
9.066667 0.011143
9.083333 0.010521
9.100000 0.010333
9.116667 0.010829
9.133333 0.010321
9.150000 0.012058
9.166667 0.010616
9.183333 0.012376
9.200000 0.010291
9.216667 0.009471
9.233333 0.011957
9.250000 0.010587
9.266667 0.010040
9.283333 0.009632
9.300000 0.010121
9.316667 0.009654
9.333333 0.008519
9.350000 0.009664
9.366667 0.008752
9.383333 0.008622
9.400000 0.009136
9.416667 0.009197
9.433333 0.008973
9.450000 0.008322
9.466667 0.009418
9.483333 0.009219
9.500000 0.009561
9.516667 0.009579
9.533333 0.008060
9.550000 0.008320
9.566667 0.008402
9.583333 0.008579
9.600000 0.008867
9.616667 0.009290
9.633333 0.008435
9.650000 0.009022
9.666667 0.008897
9.683333 0.007737
9.700000 0.008861
9.716667 0.008959
9.733333 0.008835
9.750000 0.008340
9.766667 0.008836
9.783333 0.009374
9.800000 0.008448
9.816667 0.009060
9.833333 0.007929
9.850000 0.008020
9.866667 0.008816
9.883333 0.007999
9.900000 0.008682
9.916667 0.008521
9.933333 0.010237
9.950000 0.009998
9.966667 0.008331
9.983333 0.009128
10.000000 0.009929
 
График10 
-------------------
0.000000 0.008680
0.016400 0.009336
0.033333 0.009866
0.050000 0.009000
0.066667 0.009206
0.083333 0.010307
0.100000 0.010106
0.116400 0.009435
0.133333 0.009045
0.149733 0.009056
0.166667 0.009339
0.183333 0.010277
0.200000 0.008447
0.216667 0.008562
0.233333 0.007976
0.250000 0.008554
0.266667 0.008319
0.283333 0.008941
0.300000 0.010155
0.316933 0.008466
0.333333 0.009325
0.350000 0.008189
0.366667 0.009637
0.383333 0.010197
0.400000 0.009512
0.416933 0.009160
0.433333 0.008975
0.450000 0.008430
0.466667 0.008869
0.483333 0.009758
0.500267 0.009321
0.516400 0.009624
0.536200 0.008019
0.550267 0.008796
0.566933 0.009477
0.583333 0.007972
0.599733 0.008337
0.616400 0.008656
0.633333 0.007909
0.650267 0.009418
0.666400 0.008679
0.683067 0.008488
0.700267 0.007356
0.716667 0.009027
0.736467 0.008470
0.750000 0.009810
0.766400 0.008168
0.783600 0.009446
0.800000 0.009357
0.816667 0.008240
0.833067 0.009442
0.850000 0.008189
0.866400 0.008605
0.883067 0.009982
0.900000 0.009388
0.916667 0.007871
0.933333 0.008159
0.950267 0.009415
0.966933 0.008249
0.983333 0.009262
0.999733 0.009143
1.016667 0.008336
1.033600 0.008555
1.050000 0.007959
1.066667 0.009774
1.083333 0.009200
1.100000 0.009567
1.116400 0.009277
1.133067 0.008447
1.149733 0.008451
1.166400 0.009290
1.183600 0.009500
1.199733 0.008705
1.216667 0.010209
1.233600 0.009402
1.250000 0.008746
1.266667 0.008468
1.283333 0.009591
1.300000 0.008350
1.316667 0.008252
1.333067 0.008390
1.349733 0.008651
1.366667 0.009110
1.383333 0.008752
1.400000 0.009079
1.416933 0.008937
1.433333 0.009173
1.449733 0.008928
1.466400 0.008518
1.483333 0.008824
1.500000 0.009436
1.516667 0.008824
1.533333 0.007891
1.550267 0.010815
1.566933 0.008760
1.583600 0.009005
1.599733 0.008591
1.616933 0.008480
1.633333 0.008701
1.650000 0.009228
1.666667 0.008472
1.683600 0.008754
1.700000 0.009425
1.716667 0.009298
1.733600 0.008875
1.749733 0.009029
1.766667 0.008730
1.783600 0.008598
1.799733 0.009052
1.816667 0.008604
1.833600 0.008943
1.849733 0.008537
1.866667 0.008625
1.883333 0.009403
1.900000 0.009246
1.916933 0.008691
1.933067 0.008335
1.950000 0.009110
1.966667 0.008584
1.983067 0.008628
2.000000 0.008291
2.016667 0.009405
2.033333 0.009238
2.050000 0.008063
2.066667 0.008960
2.083600 0.009011
2.099733 0.008367
2.116667 0.008599
2.133333 0.008697
2.150000 0.008745
2.166667 0.009475
2.183333 0.008755
2.200000 0.009248
2.216667 0.009100
2.233600 0.009090
2.250000 0.009149
2.266667 0.010296
2.283600 0.008934
2.300000 0.008858
2.316667 0.009183
2.333333 0.009753
2.350000 0.009580
2.366400 0.009129
2.383333 0.009803
2.400000 0.008969
2.416400 0.010243
2.433333 0.009413
2.450000 0.009315
2.466667 0.010857
2.483333 0.009136
2.500000 0.008575
2.516933 0.009883
2.533600 0.009440
2.550267 0.009649
2.566400 0.009315
2.583333 0.009791
2.600267 0.008999
2.616667 0.010017
2.633333 0.009915
2.650000 0.009982
2.666933 0.009170
2.683600 0.008654
2.699733 0.009679
2.716667 0.010923
2.733600 0.010235
2.749733 0.009628
2.766667 0.009518
2.783067 0.009646
