0.000000 0.066015
0.016917 0.067698
0.033333 0.063823
0.050000 0.060682
0.066400 0.063533
0.083583 0.061374
0.100000 0.063669
0.116917 0.066644
0.133333 0.069697
0.149733 0.075435
0.166400 0.079083
0.183583 0.081974
0.200250 0.088303
0.216917 0.095013
0.233583 0.101278
0.249733 0.111246
0.266400 0.120577
0.283583 0.131153
0.300000 0.145737
0.316667 0.160642
0.333333 0.175514
0.350000 0.192415
0.366667 0.209110
0.383333 0.229526
0.400000 0.249209
0.416667 0.270275
0.433333 0.291834
0.450250 0.312673
0.466917 0.334372
0.483333 0.355418
0.500250 0.375670
0.516917 0.396705
0.533333 0.416830
0.550250 0.437070
0.566917 0.456999
0.583067 0.475793
0.600000 0.495862
0.616917 0.515870
0.633583 0.534498
0.650250 0.553130
0.666667 0.572517
0.683583 0.592350
0.700000 0.611005
0.716667 0.628269
0.733067 0.647448
0.750000 0.666035
0.766917 0.681776
0.783583 0.703781
0.800250 0.715600
0.816667 0.733327
0.833583 0.746770
0.850000 0.764816
0.866667 0.779795
0.883067 0.794836
0.900000 0.811467
0.916667 0.822555
0.933333 0.838167
0.950000 0.850501
0.966917 0.867689
0.983333 0.877115
1.000250 0.895380
1.016400 0.904120
1.033583 0.912086
1.050000 0.925752
1.066667 0.935726
1.083333 0.948374
1.100000 0.955642
1.116667 0.968107
1.133333 0.978428
1.149733 0.984884
1.166667 0.995289
1.183333 1.006367
1.200000 1.013424
1.216667 1.023267
1.233583 1.023184
1.250000 1.035508
1.266400 1.043831
1.283333 1.052157
1.300000 1.056282
1.316667 1.067055
1.333583 1.070605
1.350250 1.077765
1.366917 1.070716
1.383067 1.089918
1.400000 1.092401
1.416917 1.100530
1.433333 1.108303
1.450250 1.112527
1.466400 1.118388
1.483333 1.117122
1.500250 1.124208
1.517183 1.131961
1.533333 1.127903
1.550000 1.131449
1.566400 1.139124
1.583333 1.141082
1.599733 1.145001
1.616400 1.144727
1.633333 1.143722
1.650000 1.155095
1.666667 1.157492
1.683067 1.156207
1.700000 1.150941
1.716667 1.165234
1.733333 1.169286
1.750250 1.165164
1.766917 1.173124
1.783333 1.177496
1.800000 1.171455
1.816667 1.176119
1.833333 1.183450
1.849733 1.183221
1.866667 1.175777
1.883067 1.184724
1.899733 1.177466
1.916667 1.185662
1.933333 1.179447
1.950000 1.190711
1.966400 1.188501
1.983067 1.194589
1.999733 1.181339
2.016667 1.201825
2.033333 1.201061
2.049733 1.198978
2.066667 1.206956
2.083333 1.201379
2.100000 1.208177
2.116667 1.205974
2.133583 1.206835
2.149733 1.208896
2.166667 1.210683
2.183333 1.200785
2.200000 1.210237
2.216917 1.218813
2.233333 1.211626
2.250000 1.214384
2.266400 1.215285
2.283333 1.215988
2.299733 1.209525
2.316400 1.212981
2.333333 1.211459
2.349733 1.211493
2.366667 1.212452
2.383333 1.226269
2.400000 1.212023
2.416400 1.205166
2.433333 1.220070
2.449733 1.227598
2.466400 1.229227
2.483333 1.221662
2.500250 1.218326
2.516667 1.229294
2.533067 1.224955
2.550000 1.224475
2.566400 1.227761
2.583067 1.234717
2.599733 1.233273
2.616667 1.222183
2.633067 1.230786
2.650000 1.221170
2.666667 1.231371
2.683067 1.234087
2.700250 1.227716
2.716667 1.212934
2.733333 1.223627
2.750000 1.212707
2.766917 1.231590
2.783583 1.222432
2.800000 1.215144
2.816667 1.212400
2.833583 1.229867
2.849733 1.214798
2.866917 1.221753
2.883583 1.231901
2.900250 1.217397
2.916667 1.224973
2.933333 1.229465
2.950000 1.228883
2.966400 1.229013
2.983333 1.231736
3.000000 1.225563
3.017183 1.220317
3.033333 1.231080
3.050000 1.228725
3.066917 1.231161
3.083583 1.231791
3.100000 1.230951
3.116400 1.230498
3.133583 1.224130
3.150000 1.221579
3.166400 1.232418
3.183333 1.224145
3.199733 1.225875
3.216917 1.232821
3.233333 1.224133
3.250250 1.233521
3.266917 1.222708
3.283067 1.229035
3.300250 1.228904
3.316400 1.227496
3.333333 1.221187
3.350000 1.224510
3.366667 1.218212
3.383333 1.216476
3.399733 1.221727
3.416667 1.221783
3.433333 1.231076
3.450000 1.224856
3.466667 1.230351
3.483333 1.233140
3.500000 1.231224