0.000000 0.022009
0.016667 0.013109
0.033333 0.010642
0.050000 0.009656
0.066667 0.009231
0.083333 0.010360
0.100000 0.010246
0.116667 0.010447
0.133333 0.010202
0.150000 0.009596
0.166667 0.011515
0.183333 0.012082
0.200000 0.012231
0.216667 0.011820
0.233333 0.010783
0.250000 0.012880
0.266667 0.011564
0.283333 0.011788
0.300000 0.011321
0.316667 0.011429
0.333333 0.011317
0.350000 0.011627
0.366667 0.010825
0.383333 0.010967
0.400000 0.011123
0.416667 0.011131
0.433333 0.011259
0.450000 0.012437
0.466667 0.012321
0.483333 0.013194
0.500000 0.012013
0.516667 0.014466
0.533333 0.016495
0.550000 0.017761
0.566667 0.019388
0.583333 0.019906
0.600000 0.019361
0.616667 0.020427
0.633333 0.019913
0.650000 0.019408
0.666667 0.018953
0.683333 0.019981
0.700000 0.019723
0.716667 0.019832
0.733333 0.019788
0.750000 0.018026
0.766667 0.015723
0.783333 0.014863
0.800000 0.013017
0.816667 0.012761
0.833333 0.012920
0.850000 0.012824
0.866667 0.013285
0.883333 0.012914
0.900000 0.015406
0.916667 0.015036
0.933333 0.014052
0.950000 0.013029
0.966667 0.012642
0.983333 0.013442
1.000000 0.013477
1.016667 0.014206
1.033333 0.014456
1.050000 0.013566
1.066667 0.014170
1.083333 0.014027
1.100000 0.013192
1.116667 0.013947
1.133333 0.014184
1.150000 0.014615
1.166667 0.014962
1.183333 0.015908
1.200000 0.013659
1.216667 0.014372
1.233333 0.014533
1.250000 0.014424
1.266667 0.014259
1.283333 0.013885
1.300000 0.014228
1.316667 0.014465
1.333333 0.015241
1.350000 0.014886
1.366667 0.014735
1.383333 0.015630
1.400000 0.015257
1.416667 0.015730
1.433333 0.017075
1.450000 0.015860
1.466667 0.015909
1.483333 0.015079
1.500000 0.015577
1.516667 0.015273
1.533333 0.015559
1.550000 0.015338
1.566667 0.016674
1.583333 0.015557
1.600000 0.016141
1.616667 0.015854
1.633333 0.016495
1.650000 0.015819
1.666667 0.015503
1.683333 0.015807
1.700000 0.016918
1.716667 0.017090
1.733333 0.016110
1.750000 0.016908
1.766667 0.017564
1.783333 0.017717
1.800000 0.017307
1.816667 0.017668
1.833333 0.018202
1.850000 0.017949
1.866667 0.018302
1.883333 0.017909
1.900000 0.017969
1.916667 0.018108
1.933333 0.017548
1.950000 0.017526
1.966667 0.018811
1.983333 0.017672
2.000000 0.017631
2.016667 0.018223
2.033333 0.019123
2.050000 0.018878
2.066667 0.019984
2.083333 0.018936
2.100000 0.018904
2.116667 0.020605
2.133333 0.020872
2.150000 0.019914
2.166667 0.020019
2.183333 0.020953
2.200000 0.019685
2.216667 0.020320
2.233333 0.020414
2.250000 0.020079
2.266667 0.020261
2.283333 0.020247
2.300000 0.019960
2.316667 0.019741
2.333333 0.020227
2.350000 0.019889
2.366667 0.020565
2.383333 0.021387
2.400000 0.021482
2.416667 0.020571
2.433333 0.021401
2.450000 0.021276
2.466667 0.021667
2.483333 0.022948
2.500000 0.021971
2.516667 0.023176
2.533333 0.022903
2.550000 0.022195
2.566667 0.021863
2.583333 0.023654
2.600000 0.023543
2.616667 0.023920
2.633333 0.024153
2.650000 0.024587
2.666667 0.025078
2.683333 0.024845
2.700000 0.025681
2.716667 0.026231
2.733333 0.025466
2.750000 0.025226
2.766667 0.025488
2.783333 0.026186
2.800000 0.027132
2.816667 0.026816
2.833333 0.026339
2.850000 0.027724
2.866667 0.027448
2.883333 0.028730
2.900000 0.028068
2.916667 0.028727
2.933333 0.029377
2.950000 0.029915
2.966667 0.030362
2.983333 0.031750
3.000000 0.029679
3.016667 0.031696
3.033333 0.032060
3.050000 0.034043
3.066667 0.033986
3.083333 0.032971
3.100000 0.032217
3.116667 0.034698
3.133333 0.033115
3.150000 0.034395
3.166667 0.035610
3.183333 0.035376
3.200000 0.036380
3.216667 0.036666
3.233333 0.038050
3.250000 0.037973
3.266667 0.039113
3.283333 0.040494
3.300000 0.040845
3.316667 0.041055
3.333333 0.042988
3.350000 0.043303
3.366667 0.043910
3.383333 0.044123
3.400000 0.044671
3.416667 0.045720
3.433333 0.046913
3.450000 0.048259
3.466667 0.049621
3.483333 0.050961
3.500000 0.051523
3.516667 0.053653
3.533333 0.055655
3.550000 0.058317
3.566667 0.061918
3.583333 0.062466
3.600000 0.063529
3.616667 0.063654
3.633333 0.064234
3.650000 0.065230
3.666667 0.065296
3.683333 0.067687
3.700000 0.068916
3.716667 0.070463
3.733333 0.072219
3.750000 0.072679
3.766667 0.074648
3.783333 0.075671
3.800000 0.077869
3.816667 0.078841
3.833333 0.080637
3.850000 0.082313
3.866667 0.084326
3.883333 0.085330
3.900000 0.088403
3.916667 0.089536
3.933333 0.091370
3.950000 0.092980
3.966667 0.095131
3.983333 0.097608
4.000000 0.098010
4.016667 0.100860
4.033333 0.103119
4.050000 0.104289
4.066667 0.106308
4.083333 0.108303
4.100000 0.110185
4.116667 0.111329
4.133333 0.113299
4.150000 0.115580
4.166667 0.117378
4.183333 0.119848
4.200000 0.122019
4.216667 0.124483
4.233333 0.127780
4.250000 0.128570
4.266667 0.132005
4.283333 0.133674
4.300000 0.135315
4.316667 0.138686
4.333333 0.139454
4.350000 0.141814
4.366667 0.144760
4.383333 0.146350
4.400000 0.149895
4.416667 0.150926
4.433333 0.152973
4.450000 0.155815
4.466667 0.158121
4.483333 0.160885
4.500000 0.162014
4.516667 0.165060
4.533333 0.168149
4.550000 0.169641
4.566667 0.172083
4.583333 0.174699
4.600000 0.176260
4.616667 0.179306
4.633333 0.182633
4.650000 0.184521
4.666667 0.187354
4.683333 0.190502
4.700000 0.191959
4.716667 0.195150
4.733333 0.197105
4.750000 0.199790
4.766667 0.201950
4.783333 0.204732
4.800000 0.206925
4.816667 0.208643
4.833333 0.211891
4.850000 0.213969
4.866667 0.216327
4.883333 0.218361
4.900000 0.221684
4.916667 0.223817
4.933333 0.225992
4.950000 0.228450
4.966667 0.231144
4.983333 0.233004
5.000000 0.235687
5.016667 0.238137
5.033333 0.239965
5.050000 0.242943
5.066667 0.244809
5.083333 0.247634
5.100000 0.250560
5.116667 0.252304
5.133333 0.254978
5.150000 0.256815
5.166667 0.259645
5.183333 0.262372
5.200000 0.264258
5.216667 0.266559
5.233333 0.268894
5.250000 0.272174
5.266667 0.274225
5.283333 0.276115
5.300000 0.278834
5.316667 0.281170
5.333333 0.284182
5.350000 0.287018
5.366667 0.289105
5.383333 0.291816
5.400000 0.294087
5.416667 0.296763
5.433333 0.298807
5.450000 0.301627
5.466667 0.303911
5.483333 0.306704
5.500000 0.309040
5.516667 0.311156
5.533333 0.313343
5.550000 0.315978
5.566667 0.317851
5.583333 0.320348
5.600000 0.322197
5.616667 0.324813
5.633333 0.327211
5.650000 0.329254
5.666667 0.331775
5.683333 0.334230
5.700000 0.335783
5.716667 0.339059
5.733333 0.340813
5.750000 0.343684
5.766667 0.346198
5.783333 0.348371
5.800000 0.351282
5.816667 0.353462
5.833333 0.355424
5.850000 0.357655
5.866667 0.359711
5.883333 0.361827
5.900000 0.363990
5.916667 0.366676
5.933333 0.368407
5.950000 0.370960
5.966667 0.373036
5.983333 0.375575
6.000000 0.377458
6.016667 0.379408
6.033333 0.382020
6.050000 0.384282
6.066667 0.386522
6.083333 0.388118
6.100000 0.390355
6.116667 0.392157
6.133333 0.394486
6.150000 0.396948
6.166667 0.399307
6.183333 0.400895
6.200000 0.403137
6.216667 0.405311
6.233333 0.407442
6.250000 0.410172
6.266667 0.412064
6.283333 0.414065
6.300000 0.416527
6.316667 0.418358
6.333333 0.420803
6.350000 0.422792
6.366667 0.424826
6.383333 0.426986
6.400000 0.429307
6.416667 0.431667
6.433333 0.434449
6.450000 0.435926
6.466667 0.438060
6.483333 0.440552
6.500000 0.442290
6.516667 0.444505
6.533333 0.446891
6.550000 0.449020
6.566667 0.450687
6.583333 0.453038
6.600000 0.454783
6.616667 0.456808
6.633333 0.458219
6.650000 0.460904
6.666667 0.463026
6.683333 0.465772
6.700000 0.467179
6.716667 0.469213
6.733333 0.470581
6.750000 0.473108
6.766667 0.474876
6.783333 0.476902
6.800000 0.478946
6.816667 0.481175
6.833333 0.483471
6.850000 0.485503
6.866667 0.487231
6.883333 0.489755
6.900000 0.491631
6.916667 0.493527
6.933333 0.495197
6.950000 0.497872
6.966667 0.499609
6.983333 0.501758
7.000000 0.503507
7.016667 0.505346
7.033333 0.507647
7.050000 0.509255
7.066667 0.511267
7.083333 0.513344
7.100000 0.515614
7.116667 0.517283
7.133333 0.518786
7.150000 0.520871
7.166667 0.522366
7.183333 0.524339
7.200000 0.525419
7.216667 0.529269
7.233333 0.530835
7.250000 0.531811
7.266667 0.533782
7.283333 0.535489
7.300000 0.539156
7.316667 0.540353
7.333333 0.541762
7.350000 0.543068
7.366667 0.545488
7.383333 0.548142
7.400000 0.548990
7.416667 0.549976
7.433333 0.553313
7.450000 0.556726
7.466667 0.557591
7.483333 0.558169
7.500000 0.561064
7.516667 0.563862
7.533333 0.565959
7.550000 0.567711
7.566667 0.569445
7.583333 0.571464
7.600000 0.573349
7.616667 0.574871
7.633333 0.577815
7.650000 0.580089
7.666667 0.581217
7.683333 0.582974
7.700000 0.584220
7.716667 0.584702
7.733333 0.587367
7.750000 0.590198
7.766667 0.591865
7.783333 0.593615
7.800000 0.596260
7.816667 0.597482
7.833333 0.598916
7.850000 0.599478
7.866667 0.602780
7.883333 0.604198
7.900000 0.606482
7.916667 0.607111
7.933333 0.608827
7.950000 0.610931
7.966667 0.612673
7.983333 0.615105
8.000000 0.615548
8.016667 0.618535
8.033333 0.619141
8.050000 0.621412
8.066667 0.625250
8.083333 0.625099
8.100000 0.626456
8.116667 0.629751
8.133333 0.631062
8.150000 0.631622
8.166667 0.634756
8.183333 0.636779
8.200000 0.637537
8.216667 0.639629
8.233333 0.640251
8.250000 0.642239
8.266667 0.643860
8.283333 0.645863
8.300000 0.647200
8.316667 0.648828
8.333333 0.650968
8.350000 0.651871
8.366667 0.651979
8.383333 0.654321
8.400000 0.657130
8.416667 0.659342
8.433333 0.660806
8.450000 0.660680
8.466667 0.662216
8.483333 0.664848
8.500000 0.666902
8.516667 0.667322
8.533333 0.670527
8.550000 0.669933
8.566667 0.674044
8.583333 0.673914
8.600000 0.677402
8.616667 0.679328
8.633333 0.679666
8.650000 0.681836
8.666667 0.682726
8.683333 0.684737
8.700000 0.685443
8.716667 0.687224
8.733333 0.689313
8.750000 0.691383
8.766667 0.693275
8.783333 0.694287
8.800000 0.696375
8.816667 0.697631
8.833333 0.700064
8.850000 0.697198
8.866667 0.702211
8.883333 0.704503
8.900000 0.706338
8.916667 0.707205
8.933333 0.709174
8.950000 0.709312
8.966667 0.712274
8.983333 0.712667
9.000000 0.715048
9.016667 0.716477
9.033333 0.715686
9.050000 0.717212
9.066667 0.720882
9.083333 0.722990
9.100000 0.722278
9.116667 0.724306
9.133333 0.727462
9.150000 0.726290
9.166667 0.728340
9.183333 0.731503
9.200000 0.731923
9.216667 0.733507
9.233333 0.734740
9.250000 0.736805
9.266667 0.737008
9.283333 0.739827
9.300000 0.739502
9.316667 0.741949
9.333333 0.744130
9.350000 0.744658
9.366667 0.744909
9.383333 0.749353
9.400000 0.749834
9.416667 0.751589
9.433333 0.752288
9.450000 0.751644
9.466667 0.756230
9.483333 0.756650
9.500000 0.758873
9.516667 0.758738
9.533333 0.761361
9.550000 0.763255
9.566667 0.764755
9.583333 0.765237
9.600000 0.765866
9.616667 0.768198
9.633333 0.770486
9.650000 0.773727
9.666667 0.773449
9.683333 0.773483
9.700000 0.774163
9.716667 0.774243
9.733333 0.779242
9.750000 0.780010
9.766667 0.779922
9.783333 0.782308
9.800000 0.782714
9.816667 0.782423
9.833333 0.783590
9.850000 0.788060
9.866667 0.785371
9.883333 0.790510
9.900000 0.792124
9.916667 0.795205
9.933333 0.796135
9.950000 0.796446
9.966667 0.798593
9.983333 0.798484
10.000000 0.799794