0.000000 0.024190
0.016667 0.026665
0.033333 0.026947
0.050000 0.024324
0.066667 0.021179
0.083333 0.020721
0.100000 0.020482
0.116667 0.019908
0.133333 0.020560
0.150000 0.022761
0.166667 0.026629
0.183333 0.030489
0.200000 0.031951
0.216667 0.030646
0.233333 0.027983
0.250000 0.025301
0.266667 0.024072
0.283333 0.023859
0.300000 0.024214
0.316667 0.025377
0.333333 0.025188
0.350000 0.024685
0.366667 0.022798
0.383333 0.023125
0.400000 0.023272
0.416667 0.022629
0.433333 0.022649
0.450000 0.021675
0.466667 0.023005
0.483333 0.022162
0.500000 0.021334
0.516667 0.022186
0.533333 0.022269
0.550000 0.022495
0.566667 0.023485
0.583333 0.023122
0.600000 0.024142
0.616667 0.023405
0.633333 0.023943
0.650000 0.026096
0.666667 0.026606
0.683333 0.027721
0.700000 0.028527
0.716667 0.031422
0.733333 0.032650
0.750000 0.032151
0.766667 0.031156
0.783333 0.029118
0.800000 0.029478
0.816667 0.028314
0.833333 0.027520
0.850000 0.027331
0.866667 0.026699
0.883333 0.027444
0.900000 0.026127
0.916667 0.025469
0.933333 0.025720
0.950000 0.024010
0.966667 0.024743
0.983333 0.024374
1.000000 0.025395
1.016667 0.024124
1.033333 0.024684
1.050000 0.024748
1.066667 0.023983
1.083333 0.024095
1.100000 0.024787
1.116667 0.025091
1.133333 0.024712
1.150000 0.026271
1.166667 0.026143
1.183333 0.026381
1.200000 0.027811
1.216667 0.026566
1.233333 0.026391
1.250000 0.025204
1.266667 0.024684
1.283333 0.024950
1.300000 0.024845
1.316667 0.024581
1.333333 0.025646
1.350000 0.024959
1.366667 0.027080
1.383333 0.025718
1.400000 0.026215
1.416667 0.027163
1.433333 0.027481
1.450000 0.026857
1.466667 0.025901
1.483333 0.027155
1.500000 0.025313
1.516667 0.026063
1.533333 0.025416
1.550000 0.027169
1.566667 0.026326
1.583333 0.027515
1.600000 0.026078
1.616667 0.027173
1.633333 0.027567
1.650000 0.027402
1.666667 0.029293
1.683333 0.030613
1.700000 0.029962
1.716667 0.030024
1.733333 0.030818
1.750000 0.029556
1.766667 0.030317
1.783333 0.028617
1.800000 0.029011
1.816667 0.028483
1.833333 0.029004
1.850000 0.029896
1.866667 0.031026
1.883333 0.032593
1.900000 0.031977
1.916667 0.032536
1.933333 0.030936
1.950000 0.030403
1.966667 0.030346
1.983333 0.030770
2.000000 0.030806
2.016667 0.031667
2.033333 0.031882
2.050000 0.031296
2.066667 0.032351
2.083333 0.032932
2.100000 0.031312
2.116667 0.031350
2.133333 0.031547
2.150000 0.032125
2.166667 0.033467
2.183333 0.032895
2.200000 0.033863
2.216667 0.033093
2.233333 0.033973
2.250000 0.035097
2.266667 0.034577
2.283333 0.035220
2.300000 0.035629
2.316667 0.036140
2.333333 0.035487
2.350000 0.035896
2.366667 0.036430
2.383333 0.036402
2.400000 0.036205
2.416667 0.037232
2.433333 0.037480
2.450000 0.036997
2.466667 0.037317
2.483333 0.038189
2.500000 0.038135
2.516667 0.038383
2.533333 0.039315
2.550000 0.039606
2.566667 0.040575
2.583333 0.041137
2.600000 0.041254
2.616667 0.042673
2.633333 0.042416
2.650000 0.043495
2.666667 0.043921
2.683333 0.043958
2.700000 0.043942
2.716667 0.045594
2.733333 0.045085
2.750000 0.046145
2.766667 0.046624
2.783333 0.046548
2.800000 0.046857
2.816667 0.047462
2.833333 0.048624
2.850000 0.049130
2.866667 0.049889
2.883333 0.050118
2.900000 0.052122
2.916667 0.051738
2.933333 0.052159
2.950000 0.054073
2.966667 0.054525
2.983333 0.055257
3.000000 0.056042
3.016667 0.057573
3.033333 0.057891
3.050000 0.059933
3.066667 0.060568
3.083333 0.061684
3.100000 0.062751
3.116667 0.065529
3.133333 0.068707
3.150000 0.070480
3.166667 0.073194
3.183333 0.075308
3.200000 0.074311
3.216667 0.072029
3.233333 0.072666
3.250000 0.074492
3.266667 0.075822
3.283333 0.077815
3.300000 0.079388
3.316667 0.081011
3.333333 0.082584
3.350000 0.083723
3.366667 0.085992
3.383333 0.087654
3.400000 0.088575
3.416667 0.089967
3.433333 0.091107
3.450000 0.093731
3.466667 0.094329
3.483333 0.097225
3.500000 0.099017
3.516667 0.100991
3.533333 0.102657
3.550000 0.104744
3.566667 0.106170
3.583333 0.108017
3.600000 0.109908
3.616667 0.112080
3.633333 0.113318
3.650000 0.115920
3.666667 0.117379
3.683333 0.118445
3.700000 0.120528
3.716667 0.122372
3.733333 0.125542
3.750000 0.127418
3.766667 0.128968
3.783333 0.131145
3.800000 0.133095
3.816667 0.135583
3.833333 0.136507
3.850000 0.139775
3.866667 0.141876
3.883333 0.143746
3.900000 0.147011
3.916667 0.148827
3.933333 0.150444
3.950000 0.152827
3.966667 0.155385
3.983333 0.157380
4.000000 0.160982
4.016667 0.162354
4.033333 0.164356
4.050000 0.167832
4.066667 0.169168
4.083333 0.171369
4.100000 0.175082
4.116667 0.177142
4.133333 0.178968
4.150000 0.181671
4.166667 0.184131
4.183333 0.186942
4.200000 0.188736
4.216667 0.191443
4.233333 0.193176
4.250000 0.195749
4.266667 0.198552
4.283333 0.201836
4.300000 0.203204
4.316667 0.204912
4.333333 0.208234
4.350000 0.210571
4.366667 0.212537
4.383333 0.214690
4.400000 0.217988
4.416667 0.219705
4.433333 0.222487
4.450000 0.225333
4.466667 0.227598
4.483333 0.230142
4.500000 0.232511
4.516667 0.235435
4.533333 0.237214
4.550000 0.239607
4.566667 0.242933
4.583333 0.245083
4.600000 0.247443
4.616667 0.249883
4.633333 0.253031
4.650000 0.255350
4.666667 0.257508
4.683333 0.259711
4.700000 0.262249
4.716667 0.265214
4.733333 0.267830
4.750000 0.269982
4.766667 0.272441
4.783333 0.274814
4.800000 0.277188
4.816667 0.279564
4.833333 0.282370
4.850000 0.284517
4.866667 0.287621
4.883333 0.289767
4.900000 0.293097
4.916667 0.294463
4.933333 0.297299
4.950000 0.300027
4.966667 0.302387
4.983333 0.304341
5.000000 0.306954
5.016667 0.309161
5.033333 0.312045
5.050000 0.314390
5.066667 0.316660
5.083333 0.318853
5.100000 0.321442
5.116667 0.323754
5.133333 0.326483
5.150000 0.328431
5.166667 0.330862
5.183333 0.332739
5.200000 0.335215
5.216667 0.337204
5.233333 0.339624
5.250000 0.342059
5.266667 0.343679
5.283333 0.346140
5.300000 0.348478
5.316667 0.351350
5.333333 0.353185
5.350000 0.355684
5.366667 0.357542
5.383333 0.360065
5.400000 0.361578
5.416667 0.364227
5.433333 0.366165
5.450000 0.369037
5.466667 0.370777
5.483333 0.373535
5.500000 0.375831
5.516667 0.377991
5.533333 0.380011
5.550000 0.382496
5.566667 0.384892
5.583333 0.387209
5.600000 0.388957
5.616667 0.392107
5.633333 0.394041
5.650000 0.396275
5.666667 0.398031
5.683333 0.400870
5.700000 0.403409
5.716667 0.404772
5.733333 0.407388
5.750000 0.409414
5.766667 0.411867
5.783333 0.414048
5.800000 0.416590
5.816667 0.418039
5.833333 0.420281
5.850000 0.422548
5.866667 0.424508
5.883333 0.427299
5.900000 0.428602
5.916667 0.431004
5.933333 0.433292
5.950000 0.435301
5.966667 0.437214
5.983333 0.439299
6.000000 0.441144
6.016667 0.443659
6.033333 0.445780
6.050000 0.448603
6.066667 0.449512
6.083333 0.452349
6.100000 0.454230
6.116667 0.456847
6.133333 0.459239
6.150000 0.460909
6.166667 0.462656
6.183333 0.464889
6.200000 0.467224
6.216667 0.468777
6.233333 0.471307
6.250000 0.473372
6.266667 0.474278
6.283333 0.477676
6.300000 0.478787
6.316667 0.481657
6.333333 0.482831
6.350000 0.485287
6.366667 0.487926
6.383333 0.489329
6.400000 0.491817
6.416667 0.493504
6.433333 0.495100
6.450000 0.497482
6.466667 0.498787
6.483333 0.501370
6.500000 0.503167
6.516667 0.505071
6.533333 0.507412
6.550000 0.509558
6.566667 0.510814
6.583333 0.512912
6.600000 0.515844
6.616667 0.517635
6.633333 0.518694
6.650000 0.521152
6.666667 0.523286
6.683333 0.524202
6.700000 0.527068
6.716667 0.529788
6.733333 0.531476
6.750000 0.533726
6.766667 0.533822
6.783333 0.536577
6.800000 0.538409
6.816667 0.539860
6.833333 0.541649
6.850000 0.544259
6.866667 0.546761
6.883333 0.547711
6.900000 0.549194
6.916667 0.551567
6.933333 0.553741
6.950000 0.555799
6.966667 0.558035
6.983333 0.559878
7.000000 0.561164
7.016667 0.563259
7.033333 0.565285
7.050000 0.566372
7.066667 0.569020
7.083333 0.570374
7.100000 0.571645
7.116667 0.573408
7.133333 0.575798
7.150000 0.578530
7.166667 0.579374
7.183333 0.582562
7.200000 0.583943
7.216667 0.586141
7.233333 0.587786
7.250000 0.588307
7.266667 0.591771
7.283333 0.592506
7.300000 0.594187
7.316667 0.595942
7.333333 0.598880
7.350000 0.599263
7.366667 0.601688
7.383333 0.602714
7.400000 0.604196
7.416667 0.607580
7.433333 0.608271
7.450000 0.609663
7.466667 0.611974
7.483333 0.612871
7.500000 0.615763
7.516667 0.616628
7.533333 0.617201
7.550000 0.619056
7.566667 0.622553
7.583333 0.623315
7.600000 0.625952
7.616667 0.626598
7.633333 0.628850
7.650000 0.627946
7.666667 0.631084
7.683333 0.634545
7.700000 0.633632
7.716667 0.636847
7.733333 0.639020
7.750000 0.640256
7.766667 0.642054
7.783333 0.642169
7.800000 0.645581
7.816667 0.646960
7.833333 0.648949
7.850000 0.650883
7.866667 0.651661
7.883333 0.652517
7.900000 0.656369
7.916667 0.656533
7.933333 0.657784
7.950000 0.660695
7.966667 0.661714
7.983333 0.664023
8.000000 0.664957
8.016667 0.667983
8.033333 0.667628
8.050000 0.670594
8.066667 0.672710
8.083333 0.675395
8.100000 0.677243
8.116667 0.677367
8.133333 0.676813
8.150000 0.679931
8.166667 0.681466
8.183333 0.681525
8.200000 0.684834
8.216667 0.686851
8.233333 0.686550
8.250000 0.689959
8.266667 0.689039
8.283333 0.693374
8.300000 0.694940
8.316667 0.694466
8.333333 0.696655
8.350000 0.699736
8.366667 0.699921
8.383333 0.702668
8.400000 0.703851
8.416667 0.705710
8.433333 0.707688
8.450000 0.708612
8.466667 0.710398
8.483333 0.713439
8.500000 0.714292
8.516667 0.716390
8.533333 0.717780
8.550000 0.714490
8.566667 0.720922
8.583333 0.720375
8.600000 0.723978
8.616667 0.725060
8.633333 0.726611
8.650000 0.728445
8.666667 0.728875
8.683333 0.726981
8.700000 0.733319
8.716667 0.733462
8.733333 0.736636
8.750000 0.739005
8.766667 0.735573
8.783333 0.740648
8.800000 0.739915
8.816667 0.742758
8.833333 0.744537
8.850000 0.746806
8.866667 0.747587
8.883333 0.749304
8.900000 0.750734
8.916667 0.751327
8.933333 0.749005
8.950000 0.752643
8.966667 0.755707
8.983333 0.757200
9.000000 0.759395
9.016667 0.758136
9.033333 0.760756
9.050000 0.764434
9.066667 0.764950
9.083333 0.765952
9.100000 0.768283
9.116667 0.770174
9.133333 0.770779
9.150000 0.773462
9.166667 0.774759
9.183333 0.774926
9.200000 0.775479
9.216667 0.775482
9.233333 0.777654
9.250000 0.780364
9.266667 0.781474
9.283333 0.782584
9.300000 0.784931
9.316667 0.786437
9.333333 0.787089
9.350000 0.785728
9.366667 0.790649
9.383333 0.787295
9.400000 0.792195
9.416667 0.790781
9.433333 0.796939
9.450000 0.796649
9.466667 0.799331
9.483333 0.798454
9.500000 0.801320
9.516667 0.799621
9.533333 0.806194
9.550000 0.801397
9.566667 0.803647
9.583333 0.808277
9.600000 0.808380
9.616667 0.807473
9.633333 0.811485
9.650000 0.809419
9.666667 0.812767
9.683333 0.814125
9.700000 0.814851
9.716667 0.817713
9.733333 0.821522
9.750000 0.822162
9.766667 0.821369
9.783333 0.819407
9.800000 0.823488
9.816667 0.824570
9.833333 0.826542
9.850000 0.826709
9.866667 0.828698
9.883333 0.828902
9.900000 0.829598
9.916667 0.830042
9.933333 0.830024
9.950000 0.838178
9.966667 0.837238
9.983333 0.839367
10.000000 0.837568