0.000000 0.009230
0.016667 0.005885
0.033333 0.006022
0.050000 0.008397
0.066667 0.006536
0.083333 0.007119
0.100000 0.007064
0.116667 0.006849
0.133333 0.006400
0.150000 0.007062
0.166667 0.008302
0.183333 0.006459
0.200000 0.006974
0.216667 0.007608
0.233333 0.007737
0.250000 0.008019
0.266667 0.008719
0.283333 0.008629
0.300000 0.008179
0.316667 0.007921
0.333333 0.007980
0.350000 0.008676
0.366667 0.008351
0.383333 0.009102
0.400000 0.008887
0.416667 0.009353
0.433333 0.007769
0.450000 0.008767
0.466667 0.008183
0.483333 0.009263
0.500000 0.008415
0.516667 0.009105
0.533333 0.008904
0.550000 0.010773
0.566667 0.008417
0.583333 0.009229
0.600000 0.008359
0.616667 0.008817
0.633333 0.008497
0.650000 0.009293
0.666667 0.009878
0.683333 0.008725
0.700000 0.010819
0.716667 0.009555
0.733333 0.009426
0.750000 0.009977
0.766667 0.010883
0.783333 0.009800
0.800000 0.009759
0.816667 0.010402
0.833333 0.010075
0.850000 0.010506
0.866667 0.010077
0.883333 0.010198
0.900000 0.012398
0.916667 0.014098
0.933333 0.010777
0.950000 0.011065
0.966667 0.010106
0.983333 0.010154
1.000000 0.010651
1.016667 0.011266
1.033333 0.010864
1.050000 0.013122
1.066667 0.011758
1.083333 0.011571
1.100000 0.010640
1.116667 0.011772
1.133333 0.011607
1.150000 0.011012
1.166667 0.011444
1.183333 0.011658
1.200000 0.011269
1.216667 0.011620
1.233333 0.012515
1.250000 0.012170
1.266667 0.011704
1.283333 0.011441
1.300000 0.012394
1.316667 0.011754
1.333333 0.010830
1.350000 0.012920
1.366667 0.011947
1.383333 0.012025
1.400000 0.012627
1.416667 0.012638
1.433333 0.011290
1.450000 0.012187
1.466667 0.012402
1.483333 0.012680
1.500000 0.011816
1.516667 0.012692
1.533333 0.013584
1.550000 0.014559
1.566667 0.015707
1.583333 0.014145
1.600000 0.012578
1.616667 0.013704
1.633333 0.014780
1.650000 0.013887
1.666667 0.014663
1.683333 0.014060
1.700000 0.013857
1.716667 0.013339
1.733333 0.013845
1.750000 0.014335
1.766667 0.014703
1.783333 0.014691
1.800000 0.015072
1.816667 0.013762
1.833333 0.014573
1.850000 0.014084
1.866667 0.014934
1.883333 0.014103
1.900000 0.014607
1.916667 0.014710
1.933333 0.015156
1.950000 0.014387
1.966667 0.014114
1.983333 0.014463
2.000000 0.014454
2.016667 0.014300
2.033333 0.014795
2.050000 0.015687
2.066667 0.015777
2.083333 0.014524
2.100000 0.016026
2.116667 0.015048
2.133333 0.015614
2.150000 0.016415
2.166667 0.015378
2.183333 0.016172
2.200000 0.015953
2.216667 0.016132
2.233333 0.016186
2.250000 0.016209
2.266667 0.016112
2.283333 0.016164
2.300000 0.016769
2.316667 0.016593
2.333333 0.017408
2.350000 0.017307
2.366667 0.017393
2.383333 0.016996
2.400000 0.017168
2.416667 0.018118
2.433333 0.018500
2.450000 0.018564
2.466667 0.019259
2.483333 0.018673
2.500000 0.018640
2.516667 0.018280
2.533333 0.017991
2.550000 0.018414
2.566667 0.018495
2.583333 0.019413
2.600000 0.020018
2.616667 0.019751
2.633333 0.019665
2.650000 0.019545
2.666667 0.019746
2.683333 0.021165
2.700000 0.019661
2.716667 0.020118
2.733333 0.020102
2.750000 0.020660
2.766667 0.020715
2.783333 0.020413
2.800000 0.020888
2.816667 0.020824
2.833333 0.022130
2.850000 0.022046
2.866667 0.022740
2.883333 0.021125
2.900000 0.021793
2.916667 0.023104
2.933333 0.022983
2.950000 0.022563
2.966667 0.022726
2.983333 0.023661
3.000000 0.023552
3.016667 0.024341
3.033333 0.023646
3.050000 0.025023
3.066667 0.024910
3.083333 0.024942
3.100000 0.025993
3.116667 0.024772
3.133333 0.026807
3.150000 0.026565
3.166667 0.026776
3.183333 0.026499
3.200000 0.028331
3.216667 0.027802
3.233333 0.028246
3.250000 0.029362
3.266667 0.029238
3.283333 0.030490
3.300000 0.029990
3.316667 0.030613
3.333333 0.030243
3.350000 0.030604
3.366667 0.030801
3.383333 0.032349
3.400000 0.033221
3.416667 0.032591
3.433333 0.034346
3.450000 0.034991
3.466667 0.034685
3.483333 0.034760
3.500000 0.035657
3.516667 0.037131
3.533333 0.037270
3.550000 0.037410
3.566667 0.038395
3.583333 0.039157
3.600000 0.040003
3.616667 0.040721
3.633333 0.041841
3.650000 0.042233
3.666667 0.044146
3.683333 0.045231
3.700000 0.044792
3.716667 0.046121
3.733333 0.046753
3.750000 0.049012
3.766667 0.049523
3.783333 0.050572
3.800000 0.051375
3.816667 0.053048
3.833333 0.054738
3.850000 0.055727
3.866667 0.056084
3.883333 0.056723
3.900000 0.059094
3.916667 0.060567
3.933333 0.061805
3.950000 0.063355
3.966667 0.065513
3.983333 0.066318
4.000000 0.067825
4.016667 0.068851
4.033333 0.070098
4.050000 0.073242
4.066667 0.074367
4.083333 0.077137
4.100000 0.077987
4.116667 0.079106
4.133333 0.081747
4.150000 0.083205
4.166667 0.084550
4.183333 0.086559
4.200000 0.088628
4.216667 0.091152
4.233333 0.092118
4.250000 0.095837
4.266667 0.096091
4.283333 0.098549
4.300000 0.101078
4.316667 0.101985
4.333333 0.104835
4.350000 0.106794
4.366667 0.109010
4.383333 0.110729
4.400000 0.113464
4.416667 0.115379
4.433333 0.118191
4.450000 0.119606
4.466667 0.122529
4.483333 0.124113
4.500000 0.126105
4.516667 0.128932
4.533333 0.130952
4.550000 0.132885
4.566667 0.135045
4.583333 0.138087
4.600000 0.139854
4.616667 0.142668
4.633333 0.144702
4.650000 0.147273
4.666667 0.150604
4.683333 0.152315
4.700000 0.155150
4.716667 0.157171
4.733333 0.160239
4.750000 0.163926
4.766667 0.164925
4.783333 0.167124
4.800000 0.170252
4.816667 0.172229
4.833333 0.175260
4.850000 0.177459
4.866667 0.179280
4.883333 0.182352
4.900000 0.184778
4.916667 0.187068
4.933333 0.189831
4.950000 0.192593
4.966667 0.194711
4.983333 0.197380
5.000000 0.200169
5.016667 0.202720
5.033333 0.205151
5.050000 0.208247
5.066667 0.209865
5.083333 0.212288
5.100000 0.215910
5.116667 0.218358
5.133333 0.220499
5.150000 0.223405
5.166667 0.226215
5.183333 0.229384
5.200000 0.231618
5.216667 0.233900
5.233333 0.236515
5.250000 0.239829
5.266667 0.241831
5.283333 0.244989
5.300000 0.247649
5.316667 0.249975
5.333333 0.252452
5.350000 0.255030
5.366667 0.257398
5.383333 0.260025
5.400000 0.263638
5.416667 0.265498
5.433333 0.268081
5.450000 0.270532
5.466667 0.274005
5.483333 0.276152
5.500000 0.278781
5.516667 0.280503
5.533333 0.283702
5.550000 0.286260
5.566667 0.288560
5.583333 0.291335
5.600000 0.293460
5.616667 0.297068
5.633333 0.298621
5.650000 0.301566
5.666667 0.303520
5.683333 0.305718
5.700000 0.308369
5.716667 0.311311
5.733333 0.314400
5.750000 0.316363
5.766667 0.318419
5.783333 0.321358
5.800000 0.323839
5.816667 0.325867
5.833333 0.329108
5.850000 0.331862
5.866667 0.333888
5.883333 0.335883
5.900000 0.338535
5.916667 0.341173
5.933333 0.343784
5.950000 0.346119
5.966667 0.348171
5.983333 0.350658
6.000000 0.353711
6.016667 0.356236
6.033333 0.358195
6.050000 0.360972
6.066667 0.362765
6.083333 0.365920
6.100000 0.367769
6.116667 0.370348
6.133333 0.372836
6.150000 0.375355
6.166667 0.377648
6.183333 0.380023
6.200000 0.382716
6.216667 0.384917
6.233333 0.386777
6.250000 0.389334
6.266667 0.391645
6.283333 0.394103
6.300000 0.396597
6.316667 0.399224
6.333333 0.401104
6.350000 0.403740
6.366667 0.405820
6.383333 0.407941
6.400000 0.411122
6.416667 0.413181
6.433333 0.415270
6.450000 0.417709
6.466667 0.419807
6.483333 0.421796
6.500000 0.424177
6.516667 0.426190
6.533333 0.428366
6.550000 0.431106
6.566667 0.433443
6.583333 0.435350
6.600000 0.437660
6.616667 0.439788
6.633333 0.442878
6.650000 0.445268
6.666667 0.447384
6.683333 0.449014
6.700000 0.451343
6.716667 0.453757
6.733333 0.455905
6.750000 0.458245
6.766667 0.459587
6.783333 0.462243
6.800000 0.464226
6.816667 0.466955
6.833333 0.469154
6.850000 0.470691
6.866667 0.473114
6.883333 0.476082
6.900000 0.477277
6.916667 0.480074
6.933333 0.482694
6.950000 0.484307
6.966667 0.486565
6.983333 0.487692
7.000000 0.490531
7.016667 0.492830
7.033333 0.494784
7.050000 0.497290
7.066667 0.498857
7.083333 0.501118
7.100000 0.502768
7.116667 0.506095
7.133333 0.507032
7.150000 0.509653
7.166667 0.512543
7.183333 0.513524
7.200000 0.516551
7.216667 0.517345
7.233333 0.519925
7.250000 0.520881
7.266667 0.524071
7.283333 0.526329
7.300000 0.528562
7.316667 0.529240
7.333333 0.531347
7.350000 0.533670
7.366667 0.536544
7.383333 0.538239
7.400000 0.539971
7.416667 0.543656
7.433333 0.544023
7.450000 0.546897
7.466667 0.548989
7.483333 0.550117
7.500000 0.551639
7.516667 0.554651
7.533333 0.556023
7.550000 0.556724
7.566667 0.559678
7.583333 0.562849
7.600000 0.564341
7.616667 0.566859
7.633333 0.568690
7.650000 0.569427
7.666667 0.571686
7.683333 0.574451
7.700000 0.575779
7.716667 0.578653
7.733333 0.580588
7.750000 0.581686
7.766667 0.583871
7.783333 0.584788
7.800000 0.586687
7.816667 0.590066
7.833333 0.591790
7.850000 0.592153
7.866667 0.595448
7.883333 0.595744
7.900000 0.599203
7.916667 0.601528
7.933333 0.602512
7.950000 0.604034
7.966667 0.606417
7.983333 0.606757
8.000000 0.609144
8.016667 0.610902
8.033333 0.613789
8.050000 0.614040
8.066667 0.617348
8.083333 0.618856
8.100000 0.619938
8.116667 0.622150
8.133333 0.624377
8.150000 0.626059
8.166667 0.628681
8.183333 0.629028
8.200000 0.630469
8.216667 0.632041
8.233333 0.634435
8.250000 0.637937
8.266667 0.639360
8.283333 0.639135
8.300000 0.642388
8.316667 0.643072
8.333333 0.645982
8.350000 0.647604
8.366667 0.650168
8.383333 0.649750
8.400000 0.653461
8.416667 0.653450
8.433333 0.655777
8.450000 0.657720
8.466667 0.659910
8.483333 0.662017
8.500000 0.664647
8.516667 0.664394
8.533333 0.667523
8.550000 0.668325
8.566667 0.670543
8.583333 0.672565
8.600000 0.673029
8.616667 0.674258
8.633333 0.676191
8.650000 0.678909
8.666667 0.680344
8.683333 0.681874
8.700000 0.683890
8.716667 0.685944
8.733333 0.685444
8.750000 0.688336
8.766667 0.691491
8.783333 0.689808
8.800000 0.691617
8.816667 0.695483
8.833333 0.695255
8.850000 0.696668
8.866667 0.699938
8.883333 0.702266
8.900000 0.699781
8.916667 0.704888
8.933333 0.707101
8.950000 0.706243
8.966667 0.709448
8.983333 0.711051
9.000000 0.713039
9.016667 0.712532
9.033333 0.714321
9.050000 0.717993
9.066667 0.720593
9.083333 0.719957
9.100000 0.721435
9.116667 0.721644
9.133333 0.723031
9.150000 0.725728
9.166667 0.726671
9.183333 0.729261
9.200000 0.731165
9.216667 0.730235
9.233333 0.734028
9.250000 0.736948
9.266667 0.738272
9.283333 0.740281
9.300000 0.740621
9.316667 0.742928
9.333333 0.742924
9.350000 0.745689
9.366667 0.748591
9.383333 0.749078
9.400000 0.750496
9.416667 0.749062
9.433333 0.752594
9.450000 0.753472
9.466667 0.755803
9.483333 0.756536
9.500000 0.757224
9.516667 0.758507
9.533333 0.760677
9.550000 0.761622
9.566667 0.763171
9.583333 0.766027
9.600000 0.765804
9.616667 0.768811
9.633333 0.769988
9.650000 0.771884
9.666667 0.772399
9.683333 0.772392
9.700000 0.775252
9.716667 0.775983
9.733333 0.777891
9.750000 0.778971
9.766667 0.781463
9.783333 0.782672
9.800000 0.783334
9.816667 0.783165
9.833333 0.786942
9.850000 0.786900
9.866667 0.789933
9.883333 0.789598
9.900000 0.789679
9.916667 0.792973
9.933333 0.793466
9.950000 0.793625
9.966667 0.797089
9.983333 0.796726
10.000000 0.799532