0.000000 0.013345
0.016417 0.012763
0.033333 0.012228
0.050000 0.012154
0.066417 0.011862
0.083333 0.013139
0.099750 0.014823
0.116667 0.015035
0.133333 0.015550
0.150000 0.014823
0.166417 0.013909
0.183083 0.012782
0.200000 0.013012
0.216417 0.013011
0.233083 0.013169
0.249750 0.013247
0.266933 0.013449
0.283083 0.013184
0.299750 0.013170
0.316933 0.012952
0.333600 0.012958
0.350267 0.012814
0.366667 0.013373
0.383333 0.012324
0.400000 0.012287
0.416667 0.011990
0.433333 0.012789
0.449750 0.012351
0.466667 0.012420
0.483333 0.011645
0.500000 0.012494
0.516417 0.012200
0.533083 0.013402
0.549750 0.012354
0.566667 0.012525
0.583333 0.012852
0.599750 0.013454
0.616667 0.012925
0.633333 0.012260
0.649750 0.011429
0.666667 0.013189
0.683600 0.011948
0.700000 0.011852
0.716667 0.011383
0.733083 0.012904
0.750000 0.011754
0.766667 0.012107
0.783333 0.012460
0.800000 0.011695
0.816667 0.012335
0.833333 0.012478
0.850000 0.013187
0.866417 0.014819
0.883333 0.015347
0.899750 0.016378
0.916417 0.017524
0.933083 0.018619
0.949750 0.018161
0.966933 0.018556
0.983333 0.016453
0.999750 0.014992
1.016417 0.013450
1.033600 0.013407
1.050000 0.012885
1.066667 0.012373
1.083083 0.012348
1.100000 0.012536
1.116667 0.012699
1.133600 0.012864
1.150000 0.013889
1.166667 0.013318
1.183333 0.013235
1.200000 0.013102
1.216667 0.013217
1.233333 0.013034
1.250000 0.012778
1.266667 0.013301
1.283333 0.012928
1.300267 0.013654
1.316933 0.013793
1.333333 0.012338
1.350000 0.012847
1.366667 0.012955
1.383333 0.012347
1.400000 0.011758
1.416667 0.011291
1.433333 0.012353
1.450000 0.011486
1.466417 0.011264
1.483333 0.011216
1.500000 0.011365
1.516667 0.011383
1.533600 0.012216
1.550000 0.012057
1.566667 0.011950
1.583333 0.012823
1.600000 0.011327
1.616417 0.012008
1.633333 0.011277
1.650000 0.010657
1.666933 0.011987
1.683333 0.010801
1.700000 0.011011
1.716667 0.010775
1.733333 0.010769
1.749750 0.010694
1.766417 0.010505
1.783083 0.011608
1.800267 0.011313
1.816667 0.011623
1.833083 0.012306
1.850000 0.012743
1.866667 0.012039
1.883333 0.012979
1.900000 0.013189
1.916667 0.012035
1.933083 0.012781
1.950000 0.013083
1.966417 0.012543
1.983083 0.013016
1.999750 0.011686
2.016667 0.012873
2.033333 0.013449
2.050000 0.011640
2.066667 0.011729
2.083333 0.013082
2.100000 0.012287
2.116667 0.011349
2.133333 0.011140
2.150000 0.012862
2.166667 0.011888
2.183333 0.013414
2.200000 0.012501
2.216667 0.012842
2.233333 0.012471
2.250000 0.012692
2.266667 0.013029
2.283333 0.012126
2.300000 0.011544
2.316667 0.012006
2.333083 0.011538
2.350000 0.012812
2.366667 0.013088
2.383333 0.012545
2.400267 0.012188
2.416667 0.012205
2.433333 0.011901
2.450000 0.012534
2.466667 0.012248
2.483333 0.011801
2.500000 0.011608
2.516417 0.013764
2.533333 0.013163
2.550267 0.011783
2.566933 0.011707
2.583333 0.012102
2.600000 0.011299
2.616667 0.012748
2.633083 0.011713
2.650000 0.012955
2.666667 0.011876
2.683600 0.011531
2.700000 0.011998
2.716667 0.011610
2.733333 0.011853
2.750000 0.012256
2.766667 0.012332
2.783333 0.011857
2.799750 0.013011
2.816667 0.011921
2.833333 0.013342
2.850000 0.011227
2.866667 0.012500
2.883600 0.011834
2.899750 0.012810
2.916417 0.012344
2.933333 0.012133
2.950000 0.011861
2.966667 0.012218
2.983083 0.011936
2.999750 0.012270
3.016667 0.012424
3.033333 0.012826
3.049750 0.012531
3.066417 0.011424
3.083083 0.011714
3.099750 0.012286
3.116667 0.012312
3.133333 0.013183
3.150000 0.011711
3.166667 0.011655
3.183600 0.011803
3.200000 0.011964
3.216667 0.011535
3.233333 0.012979
3.250000 0.012342
3.266417 0.011637
3.283083 0.012434
3.300000 0.011292
3.316667 0.012140
3.333333 0.012189
3.349750 0.014268
3.366417 0.012392
3.383333 0.013319
3.399750 0.012828
3.416933 0.013222
3.433333 0.012219
3.450267 0.012870
3.466933 0.012858
3.483600 0.012102
3.500000 0.012842
3.516667 0.011816
3.533600 0.012285
3.549750 0.013532
3.566933 0.012383
3.583333 0.011976
3.600267 0.012282
3.616667 0.011997
3.633333 0.012237
3.650000 0.012208
3.666667 0.012062
3.683333 0.012104
3.700000 0.012559
3.716667 0.012533
3.733333 0.012237
3.750000 0.013622
3.766667 0.012164
3.783333 0.011418
3.800267 0.013061
3.816933 0.011277
3.833333 0.011537
3.849750 0.011133
3.866667 0.011250
3.883333 0.011071
3.900000 0.011397
3.916667 0.012198
3.933600 0.011444
3.950000 0.012269
3.966667 0.011590
3.983600 0.012206
4.000267 0.012517
4.016417 0.011598
4.033333 0.012386
4.050000 0.011994
4.066667 0.011563
4.083333 0.011691
4.100000 0.011653
4.116417 0.011207
4.133333 0.012591
4.150000 0.011905
4.166667 0.011107
4.183333 0.012580
4.200000 0.011750
4.216667 0.013754
4.233333 0.011533
4.250000 0.012339
4.266667 0.012302
4.283333 0.011678
4.300000 0.011788
4.316667 0.011415
4.333333 0.012753
4.350000 0.012477
4.366667 0.011859
4.383333 0.012005
4.400000 0.011520
4.416417 0.012179
4.433083 0.011410
4.450000 0.011554
4.466667 0.012267
4.483083 0.012412
4.500000 0.012159
4.516417 0.011001
4.533333 0.012179
4.550000 0.012036
4.566667 0.012578
4.583333 0.011443
4.599750 0.012208
4.616667 0.011417
4.633333 0.011431
4.650000 0.012189
4.666667 0.011667
4.683333 0.011162
4.699750 0.012373
4.716933 0.012044
4.733600 0.011767
4.750000 0.012466
4.766667 0.011389
4.783600 0.011485
4.800000 0.011628
4.816667 0.011703
4.833333 0.012217
4.850267 0.013013
4.866417 0.011830
4.883600 0.012865
4.900000 0.012101
4.916933 0.011724
4.933600 0.012563
4.950267 0.011803
4.966933 0.012016
4.983600 0.012563
5.000000 0.011758
5.016667 0.010944
5.033333 0.011991
5.050267 0.012215
5.066667 0.011606
5.083333 0.012633
5.100000 0.011495
5.116667 0.010975
5.133333 0.011379
5.150000 0.012413
5.166667 0.010687
5.183083 0.012352
5.200267 0.012661
5.216933 0.011336
5.233600 0.011893
5.250000 0.010609
5.266933 0.011034
5.283333 0.011016
5.300000 0.012181
5.316933 0.011728
5.333333 0.012886
5.350267 0.012085
5.366417 0.011077
5.383083 0.010966
5.400000 0.012087
5.416417 0.011414
5.433333 0.012319
5.450000 0.011823
5.466667 0.012522
5.483333 0.011728
5.500267 0.012588
5.516667 0.012594
5.533600 0.012299
5.550267 0.012827
5.566417 0.011382
5.583333 0.011849
5.599750 0.011944
5.616417 0.011261
5.633083 0.012522
5.649750 0.011165
5.666417 0.012286
5.683333 0.011534
5.700000 0.011864
5.716417 0.012793
5.733333 0.011249
5.750000 0.012333
5.766417 0.011633
5.783083 0.012860
5.800000 0.010766
5.816417 0.012201