0.000000 0.030872
0.016667 0.031645
0.033333 0.031918
0.050000 0.031586
0.066667 0.031093
0.083333 0.031209
0.100000 0.031180
0.116667 0.031169
0.133333 0.031306
0.150000 0.031393
0.166667 0.032587
0.183333 0.032517
0.200000 0.031758
0.216667 0.032832
0.233333 0.032513
0.250000 0.032466
0.266667 0.031831
0.283333 0.032529
0.300000 0.032738
0.316667 0.033236
0.333333 0.033442
0.350000 0.032944
0.366667 0.032545
0.383333 0.032110
0.400000 0.032059
0.416667 0.031901
0.433333 0.031077
0.450000 0.030866
0.466667 0.031934
0.483333 0.030811
0.500000 0.031579
0.516667 0.031809
0.533333 0.030654
0.550000 0.030987
0.566667 0.030845
0.583333 0.030145
0.600000 0.031305
0.616667 0.030366
0.633333 0.030952
0.650000 0.031934
0.666667 0.032014
0.683333 0.030414
0.700000 0.030260
0.716667 0.031062
0.733333 0.031184
0.750000 0.030876
0.766667 0.030722
0.783333 0.030116
0.800000 0.031486
0.816667 0.030056
0.833333 0.030402
0.850000 0.030551
0.866667 0.030573
0.883333 0.030868
0.900000 0.030457
0.916667 0.030707
0.933333 0.030456
0.950000 0.030819
0.966667 0.030144
0.983333 0.031229
1.000000 0.030316
1.016667 0.031101
1.033333 0.031196
1.050000 0.032475
1.066667 0.031211
1.083333 0.031859
1.100000 0.032326
1.116667 0.031441
1.133333 0.031299
1.150000 0.032294
1.166667 0.031710
1.183333 0.031380
1.200000 0.031095
1.216667 0.031170
1.233333 0.031046
1.250000 0.031541
1.266667 0.030929
1.283333 0.031833
1.300000 0.031736
1.316667 0.030671
1.333333 0.031269
1.350000 0.030706
1.366667 0.030894
1.383333 0.031244
1.400000 0.030677
1.416667 0.030631
1.433333 0.031288
1.450000 0.030860
1.466667 0.031144
1.483333 0.031399
1.500000 0.030951
1.516667 0.030777
1.533333 0.030940
1.550000 0.030827
1.566667 0.031724
1.583333 0.031599
1.600000 0.030749
1.616667 0.031003
1.633333 0.032173
1.650000 0.031614
1.666667 0.030068
1.683333 0.030603
1.700000 0.029806
1.716667 0.030186
1.733333 0.030142
1.750000 0.029758
1.766667 0.031017
1.783333 0.031235
1.800000 0.031240
1.816667 0.031412
1.833333 0.032156
1.850000 0.030236
1.866667 0.031058
1.883333 0.031032
1.900000 0.031883
1.916667 0.030905
1.933333 0.030925
1.950000 0.031115
1.966667 0.032551
1.983333 0.030531
2.000000 0.031412
2.016667 0.032052
2.033333 0.030413
2.050000 0.031714
2.066667 0.030868
2.083333 0.030240
2.100000 0.030562
2.116667 0.030772
2.133333 0.030664
2.150000 0.031595
2.166667 0.030667
2.183333 0.030667
2.200000 0.031515
2.216667 0.030894
2.233333 0.030754
2.250000 0.031808
2.266667 0.032258
2.283333 0.031044
2.300000 0.030973
2.316667 0.031888
2.333333 0.031440
2.350000 0.030389
2.366667 0.032275
2.383333 0.032071
2.400000 0.031572
2.416667 0.031102
2.433333 0.031454
2.450000 0.031069
2.466667 0.032039
2.483333 0.031283
2.500000 0.030957
2.516667 0.030399
2.533333 0.031982
2.550000 0.030667
2.566667 0.030641
2.583333 0.031482
2.600000 0.031601
2.616667 0.032281
2.633333 0.031746
2.650000 0.031695
2.666667 0.032092
2.683333 0.031738
2.700000 0.032115
2.716667 0.030483
2.733333 0.030428
2.750000 0.030558
2.766667 0.030331
2.783333 0.030467
2.800000 0.030137
2.816667 0.031064
2.833333 0.030253
2.850000 0.029945
2.866667 0.030731
2.883333 0.030437
2.900000 0.030465
2.916667 0.031981
2.933333 0.031641
2.950000 0.030801
2.966667 0.031040
2.983333 0.030120
3.000000 0.030510
3.016667 0.030725
3.033333 0.030954
3.050000 0.030194
3.066667 0.031083
3.083333 0.031396
3.100000 0.030873
3.116667 0.031582
3.133333 0.030934
3.150000 0.030577
3.166667 0.030665
3.183333 0.031145
3.200000 0.030233
3.216667 0.031503
3.233333 0.030755
3.250000 0.032228
3.266667 0.031582
3.283333 0.031450
3.300000 0.031571
3.316667 0.031475
3.333333 0.031862
3.350000 0.031882
3.366667 0.031871
3.383333 0.031806
3.400000 0.031494
3.416667 0.032593
3.433333 0.031864
3.450000 0.031965
3.466667 0.032368
3.483333 0.032209
3.500000 0.031734
3.516667 0.031539
3.533333 0.031642
3.550000 0.030916
3.566667 0.031106
3.583333 0.031145
3.600000 0.031394
3.616667 0.031687
3.633333 0.030598
3.650000 0.032504
3.666667 0.031469
3.683333 0.031554
3.700000 0.031491
3.716667 0.031311
3.733333 0.030757
3.750000 0.031847
3.766667 0.030997
3.783333 0.031671
3.800000 0.032061
3.816667 0.032674
3.833333 0.031679
3.850000 0.031374
3.866667 0.030878
3.883333 0.030661
3.900000 0.030695
3.916667 0.031060
3.933333 0.031620
3.950000 0.031841
3.966667 0.032254
3.983333 0.031430
4.000000 0.032590
4.016667 0.032673
4.033333 0.031868
4.050000 0.032274
4.066667 0.030839
4.083333 0.030998
4.100000 0.031301
4.116667 0.030700
4.133333 0.031245
4.150000 0.030468
4.166667 0.030638
4.183333 0.031382
4.200000 0.031029
4.216667 0.030710
4.233333 0.031305
4.250000 0.031033
4.266667 0.031448
4.283333 0.031612
4.300000 0.030967
4.316667 0.031694
4.333333 0.030792
4.350000 0.030151
4.366667 0.031116
4.383333 0.030899
4.400000 0.031668
4.416667 0.030384
4.433333 0.030523
4.450000 0.031054
4.466667 0.031148
4.483333 0.030760
4.500000 0.030883
4.516667 0.031175
4.533333 0.030775
4.550000 0.031436
4.566667 0.030702
4.583333 0.031301
4.600000 0.031099
4.616667 0.031858
4.633333 0.032171
4.650000 0.029993
4.666667 0.030793
4.683333 0.030348
4.700000 0.030021
4.716667 0.029689
4.733333 0.029752
4.750000 0.029861
4.766667 0.030238
4.783333 0.029826
4.800000 0.031082
4.816667 0.030636
4.833333 0.030990
4.850000 0.030973
4.866667 0.030833
4.883333 0.030458
4.900000 0.030808
4.916667 0.030867
4.933333 0.030497
4.950000 0.030539
4.966667 0.030935
4.983333 0.031006
5.000000 0.031271
5.016667 0.031286
5.033333 0.031264
5.050000 0.030516
5.066667 0.031731
5.083333 0.031205
5.100000 0.030614
5.116667 0.030975
5.133333 0.031150
5.150000 0.030593
5.166667 0.032058
5.183333 0.030520
5.200000 0.031571
5.216667 0.030419
5.233333 0.032254
5.250000 0.031847
5.266667 0.030685
5.283333 0.031126
5.300000 0.031003
5.316667 0.031387
5.333333 0.031318
5.350000 0.030810
5.366667 0.030746
5.383333 0.030982
5.400000 0.030431
5.416667 0.030692
5.433333 0.031697
5.450000 0.032059
5.466667 0.030709
5.483333 0.031545
5.500000 0.031227
5.516667 0.031835
5.533333 0.031604
5.550000 0.031171
5.566667 0.031807
5.583333 0.030067
5.600000 0.029718
5.616667 0.030059
5.633333 0.030435
5.650000 0.030335
5.666667 0.029807
5.683333 0.030709
5.700000 0.030183
5.716667 0.031322
5.733333 0.030017
5.750000 0.030251
5.766667 0.030486
5.783333 0.030472
5.800000 0.030157
5.816667 0.030809
5.833333 0.030761
5.850000 0.030564
5.866667 0.030210
5.883333 0.030545
5.900000 0.030175
5.916667 0.031879
5.933333 0.030339
5.950000 0.030903
5.966667 0.030334
5.983333 0.030588
6.000000 0.030682
6.016667 0.031572
6.033333 0.031001
6.050000 0.030662
6.066667 0.030287
6.083333 0.031778
6.100000 0.030065
6.116667 0.030692
6.133333 0.030151
6.150000 0.029958
6.166667 0.029685
6.183333 0.030764
6.200000 0.030968
6.216667 0.029990
6.233333 0.031045
6.250000 0.029542
6.266667 0.029417
6.283333 0.029820
6.300000 0.030141
6.316667 0.030640
6.333333 0.031630
6.350000 0.030218
6.366667 0.030617
6.383333 0.031071
6.400000 0.031023
6.416667 0.031668
6.433333 0.030669
6.450000 0.030867
6.466667 0.030347
6.483333 0.030380
6.500000 0.030347
6.516667 0.030853
6.533333 0.030857
6.550000 0.030698
6.566667 0.031336
6.583333 0.030414
6.600000 0.030039
6.616667 0.030615
6.633333 0.031376
6.650000 0.030264
6.666667 0.030445
6.683333 0.029476
6.700000 0.030411
6.716667 0.029928
6.733333 0.030084
6.750000 0.029697
6.766667 0.030924
6.783333 0.030093
6.800000 0.029680
6.816667 0.030123
6.833333 0.029980
6.850000 0.030013
6.866667 0.031095
6.883333 0.030710
6.900000 0.030839
6.916667 0.030472
6.933333 0.030942
6.950000 0.030230
6.966667 0.030433
6.983333 0.031148
7.000000 0.031200
7.016667 0.030599
7.033333 0.030358
7.050000 0.031520
7.066667 0.031546
7.083333 0.031127
7.100000 0.032085
7.116667 0.030335
7.133333 0.030994
7.150000 0.032760
7.166667 0.031106
7.183333 0.031021
7.200000 0.031719
7.216667 0.032948
7.233333 0.031248
7.250000 0.030900
7.266667 0.030519
7.283333 0.030612
7.300000 0.031140
7.316667 0.031200
7.333333 0.031397
7.350000 0.032018
7.366667 0.031277
7.383333 0.031969
7.400000 0.031916
7.416667 0.031813
7.433333 0.031757
7.450000 0.031449
7.466667 0.031847
7.483333 0.032061
7.500000 0.030864
7.516667 0.032016
7.533333 0.032197
7.550000 0.031037
7.566667 0.031458
7.583333 0.031192
7.600000 0.031187
7.616667 0.031530
7.633333 0.031422
7.650000 0.032442
7.666667 0.032603
7.683333 0.031142
7.700000 0.032107
7.716667 0.031797
7.733333 0.030953
7.750000 0.032033
7.766667 0.031022
7.783333 0.031273
7.800000 0.031275
7.816667 0.030983
7.833333 0.030216
7.850000 0.031926
7.866667 0.030547
7.883333 0.031031
7.900000 0.031937
7.916667 0.031918
7.933333 0.030967
7.950000 0.031120
7.966667 0.030599
7.983333 0.032013
8.000000 0.030482
8.016667 0.030757
8.033333 0.031148
8.050000 0.031501
8.066667 0.031399
8.083333 0.031837
8.100000 0.031685
8.116667 0.032018
8.133333 0.032887
8.150000 0.030938
8.166667 0.031507
8.183333 0.031206
8.200000 0.031713
8.216667 0.031393
8.233333 0.030959
8.250000 0.032019
8.266667 0.031340
8.283333 0.032282
8.300000 0.031341
8.316667 0.030643
8.333333 0.031502
8.350000 0.031028
8.366667 0.030801
8.383333 0.030830
8.400000 0.031758
8.416667 0.031290
8.433333 0.030776
8.450000 0.030375
8.466667 0.030231
8.483333 0.030123
8.500000 0.029984
8.516667 0.029937
8.533333 0.029735
8.550000 0.029719
8.566667 0.029184
8.583333 0.029835
8.600000 0.030194
8.616667 0.030937
8.633333 0.030969
8.650000 0.030531
8.666667 0.029877
8.683333 0.031102
8.700000 0.029888
8.716667 0.030580
8.733333 0.030315
8.750000 0.030389
8.766667 0.030678
8.783333 0.029737
8.800000 0.029841
8.816667 0.029772
8.833333 0.029599
8.850000 0.030983
8.866667 0.031242
8.883333 0.030600
8.900000 0.030036
8.916667 0.031222
8.933333 0.030495
8.950000 0.030648
8.966667 0.030399
8.983333 0.030326
9.000000 0.030746
9.016667 0.030041
9.033333 0.030577
9.050000 0.030308
9.066667 0.030495
9.083333 0.030358
9.100000 0.030705
9.116667 0.031067
9.133333 0.030565
9.150000 0.031439
9.166667 0.029849
9.183333 0.030774
9.200000 0.030343
9.216667 0.031549
9.233333 0.030501
9.250000 0.030485
9.266667 0.031365
9.283333 0.031955
9.300000 0.031626
9.316667 0.031600
9.333333 0.030897
9.350000 0.030891
9.366667 0.031639
9.383333 0.030614
9.400000 0.031336
9.416667 0.030671
9.433333 0.030905
9.450000 0.030171
9.466667 0.030336
9.483333 0.030119
9.500000 0.030999
9.516667 0.030800
9.533333 0.030090
9.550000 0.030214
9.566667 0.030457
9.583333 0.030263
9.600000 0.030581
9.616667 0.030180
9.633333 0.030892
9.650000 0.032209
9.666667 0.030424
9.683333 0.030090
9.700000 0.030392
9.716667 0.031373
9.733333 0.030248
9.750000 0.030564
9.766667 0.030046
9.783333 0.030384
9.800000 0.030025
9.816667 0.030436
9.833333 0.029816
9.850000 0.029452
9.866667 0.029352
9.883333 0.029009
9.900000 0.029455
9.916667 0.030195
9.933333 0.029383
9.950000 0.030132
9.966667 0.029225
9.983333 0.029840
10.000000 0.029556