0.000000 0.008680
0.016400 0.009336
0.033333 0.009866
0.050000 0.009000
0.066667 0.009206
0.083333 0.010307
0.100000 0.010106
0.116400 0.009435
0.133333 0.009045
0.149733 0.009056
0.166667 0.009339
0.183333 0.010277
0.200000 0.008447
0.216667 0.008562
0.233333 0.007976
0.250000 0.008554
0.266667 0.008319
0.283333 0.008941
0.300000 0.010155
0.316933 0.008466
0.333333 0.009325
0.350000 0.008189
0.366667 0.009637
0.383333 0.010197
0.400000 0.009512
0.416933 0.009160
0.433333 0.008975
0.450000 0.008430
0.466667 0.008869
0.483333 0.009758
0.500267 0.009321
0.516400 0.009624
0.536200 0.008019
0.550267 0.008796
0.566933 0.009477
0.583333 0.007972
0.599733 0.008337
0.616400 0.008656
0.633333 0.007909
0.650267 0.009418
0.666400 0.008679
0.683067 0.008488
0.700267 0.007356
0.716667 0.009027
0.736467 0.008470
0.750000 0.009810
0.766400 0.008168
0.783600 0.009446
0.800000 0.009357
0.816667 0.008240
0.833067 0.009442
0.850000 0.008189
0.866400 0.008605
0.883067 0.009982
0.900000 0.009388
0.916667 0.007871
0.933333 0.008159
0.950267 0.009415
0.966933 0.008249
0.983333 0.009262
0.999733 0.009143
1.016667 0.008336
1.033600 0.008555
1.050000 0.007959
1.066667 0.009774
1.083333 0.009200
1.100000 0.009567
1.116400 0.009277
1.133067 0.008447
1.149733 0.008451
1.166400 0.009290
1.183600 0.009500
1.199733 0.008705
1.216667 0.010209
1.233600 0.009402
1.250000 0.008746
1.266667 0.008468
1.283333 0.009591
1.300000 0.008350
1.316667 0.008252
1.333067 0.008390
1.349733 0.008651
1.366667 0.009110
1.383333 0.008752
1.400000 0.009079
1.416933 0.008937
1.433333 0.009173
1.449733 0.008928
1.466400 0.008518
1.483333 0.008824
1.500000 0.009436
1.516667 0.008824
1.533333 0.007891
1.550267 0.010815
1.566933 0.008760
1.583600 0.009005
1.599733 0.008591
1.616933 0.008480
1.633333 0.008701
1.650000 0.009228
1.666667 0.008472
1.683600 0.008754
1.700000 0.009425
1.716667 0.009298
1.733600 0.008875
1.749733 0.009029
1.766667 0.008730
1.783600 0.008598
1.799733 0.009052
1.816667 0.008604
1.833600 0.008943
1.849733 0.008537
1.866667 0.008625
1.883333 0.009403
1.900000 0.009246
1.916933 0.008691
1.933067 0.008335
1.950000 0.009110
1.966667 0.008584
1.983067 0.008628
2.000000 0.008291
2.016667 0.009405
2.033333 0.009238
2.050000 0.008063
2.066667 0.008960
2.083600 0.009011
2.099733 0.008367
2.116667 0.008599
2.133333 0.008697
2.150000 0.008745
2.166667 0.009475
2.183333 0.008755
2.200000 0.009248
2.216667 0.009100
2.233600 0.009090
2.250000 0.009149
2.266667 0.010296
2.283600 0.008934
2.300000 0.008858
2.316667 0.009183
2.333333 0.009753
2.350000 0.009580
2.366400 0.009129
2.383333 0.009803
2.400000 0.008969
2.416400 0.010243
2.433333 0.009413
2.450000 0.009315
2.466667 0.010857
2.483333 0.009136
2.500000 0.008575
2.516933 0.009883
2.533600 0.009440
2.550267 0.009649
2.566400 0.009315
2.583333 0.009791
2.600267 0.008999
2.616667 0.010017
2.633333 0.009915
2.650000 0.009982
2.666933 0.009170
2.683600 0.008654
2.699733 0.009679
2.716667 0.010923
2.733600 0.010235
2.749733 0.009628
2.766667 0.009518
2.783067 0.009646