0.000000 0.003325
0.016667 0.003658
0.033333 0.004451
0.050000 0.004222
0.066667 0.004946
0.083333 0.003947
0.100000 0.003152
0.116667 0.002110
0.133333 0.001866
0.150000 0.002774
0.166667 0.002124
0.183333 0.001359
0.200000 0.002560
0.216667 0.001603
0.233333 0.003420
0.250000 0.002845
0.266667 0.002561
0.283333 0.003509
0.300000 0.002826
0.316667 0.002691
0.333333 0.004330
0.350000 0.001818
0.366667 0.002609
0.383333 0.002793
0.400000 0.004670
0.416667 0.001902
0.433333 0.003083
0.450000 0.002761
0.466667 0.002982
0.483333 0.002243
0.500000 0.003296
0.516667 0.002233
0.533333 0.001566
0.550000 0.002463
0.566667 0.002170
0.583333 0.002026
0.600000 0.002744
0.616667 0.002094
0.633333 0.003482
0.650000 0.002250
0.666667 0.002671
0.683333 0.002681
0.700000 0.002888
0.716667 0.002782
0.733333 0.002785
0.750000 0.003680
0.766667 0.003200
0.783333 0.003901
0.800000 0.003284
0.816667 0.003418
0.833333 0.004222
0.850000 0.004219
0.866667 0.004874
0.883333 0.004205
0.900000 0.004282
0.916667 0.003383
0.933333 0.003171
0.950000 0.003593
0.966667 0.003038
0.983333 0.004528
1.000000 0.003836
1.016667 0.003171
1.033333 0.003225
1.050000 0.005747
1.066667 0.003543
1.083333 0.004484
1.100000 0.005168
1.116667 0.003558
1.133333 0.004522
1.150000 0.004320
1.166667 0.006317
1.183333 0.004800
1.200000 0.005289
1.216667 0.005233
1.233333 0.007199
1.250000 0.005319
1.266667 0.005108
1.283333 0.005398
1.300000 0.004098
1.316667 0.004728
1.333333 0.004123
1.350000 0.004655
1.366667 0.004819
1.383333 0.003455
1.400000 0.003493
1.416667 0.004455
1.433333 0.003746
1.450000 0.003158
1.466667 0.002901
1.483333 0.003771
1.500000 0.004413
1.516667 0.004076
1.533333 0.003336
1.550000 0.003362
1.566667 0.003547
1.583333 0.002816
1.600000 0.003029
1.616667 0.004199
1.633333 0.005398
1.650000 0.006514
1.666667 0.010855
1.683333 0.006118
1.700000 0.003222
1.716667 0.004106
1.733333 0.003991
1.750000 0.003174
1.766667 0.003608
1.783333 0.005190
1.800000 0.003121
1.816667 0.004457
1.833333 0.003166
1.850000 0.002528
1.866667 0.003204
1.883333 0.002728
1.900000 0.003303
1.916667 0.002946
1.933333 0.003056
1.950000 0.002322
1.966667 0.002353
1.983333 0.002093
2.000000 0.003860
2.016667 0.003274
2.033333 0.004059
2.050000 0.003350
2.066667 0.002841
2.083333 0.002946
2.100000 0.004383
2.116667 0.003797
2.133333 0.003480
2.150000 0.004627
2.166667 0.002907
2.183333 0.002944
2.200000 0.003309
2.216667 0.003333
2.233333 0.002490
2.250000 0.002223
2.266667 0.004345
2.283333 0.004568
2.300000 0.002337
2.316667 0.002531
2.333333 0.003477
2.350000 0.002833
2.366667 0.003757
2.383333 0.004133
2.400000 0.002107
2.416667 0.003117
2.433333 0.003288
2.450000 0.003800
2.466667 0.003593
2.483333 0.002604
2.500000 0.003876
2.516667 0.003664
2.533333 0.003652
2.550000 0.007708
2.566667 0.006103
2.583333 0.004104
2.600000 0.003693
2.616667 0.004247
2.633333 0.003027
2.650000 0.003355
2.666667 0.003146
2.683333 0.003373
2.700000 0.003959
2.716667 0.004964
2.733333 0.002650
2.750000 0.002997
2.766667 0.003097
2.783333 0.003976
2.800000 0.004312
2.816667 0.003970
2.833333 0.004020
2.850000 0.003652
2.866667 0.004078
2.883333 0.004271
2.900000 0.004033
2.916667 0.003417
2.933333 0.004721
2.950000 0.006085
2.966667 0.006531
2.983333 0.003864
3.000000 0.004779
3.016667 0.005996
3.033333 0.005790
3.050000 0.004721
3.066667 0.003917
3.083333 0.004635
3.100000 0.004273
3.116667 0.005734
3.133333 0.007265
3.150000 0.005810
3.166667 0.007373
3.183333 0.006137
3.200000 0.007196
3.216667 0.006947
3.233333 0.007019
3.250000 0.007674
3.266667 0.007060
3.283333 0.006772
3.300000 0.006859
3.316667 0.008092
3.333333 0.006872
3.350000 0.007636
3.366667 0.007805
3.383333 0.007170
3.400000 0.007254
3.416667 0.007862
3.433333 0.008059
3.450000 0.008634
3.466667 0.007943
3.483333 0.008407
3.500000 0.007874
3.516667 0.007282
3.533333 0.007829
3.550000 0.008838
3.566667 0.008288
3.583333 0.007967
3.600000 0.007552
3.616667 0.008758
3.633333 0.008939
3.650000 0.006989
3.666667 0.007270
3.683333 0.007556
3.700000 0.006329
3.716667 0.006388
3.733333 0.005817
3.750000 0.007533
3.766667 0.006753
3.783333 0.005259
3.800000 0.006482
3.816667 0.006567
3.833333 0.005599
3.850000 0.006777
3.866667 0.005792
3.883333 0.005910
3.900000 0.005619
3.916667 0.005460
3.933333 0.005527
3.950000 0.005759
3.966667 0.005985
3.983333 0.005580
4.000000 0.006624
4.016667 0.006823
4.033333 0.006057
4.050000 0.006550
4.066667 0.007826
4.083333 0.006388
4.100000 0.006692
4.116667 0.007850
4.133333 0.007021
4.150000 0.007509
4.166667 0.008626
4.183333 0.007361
4.200000 0.008020
4.216667 0.007861
4.233333 0.006943
4.250000 0.006709
4.266667 0.005558
4.283333 0.006324
4.300000 0.006302
4.316667 0.006734
4.333333 0.006157
4.350000 0.006421
4.366667 0.005920
4.383333 0.006796
4.400000 0.005922
4.416667 0.007073
4.433333 0.006039
4.450000 0.005989
4.466667 0.006513
4.483333 0.006678
4.500000 0.007738
4.516667 0.007011
4.533333 0.008384
4.550000 0.007605
4.566667 0.008400
4.583333 0.007469
4.600000 0.007636
4.616667 0.007752
4.633333 0.006651
4.650000 0.006838
4.666667 0.006521
4.683333 0.006419
4.700000 0.005934
4.716667 0.006327
4.733333 0.006076
4.750000 0.007613
4.766667 0.006626
4.783333 0.007589
4.800000 0.006593
4.816667 0.007625
4.833333 0.006826
4.850000 0.006359
4.866667 0.006949
4.883333 0.006572
4.900000 0.006547
4.916667 0.007632
4.933333 0.006782
4.950000 0.006496
4.966667 0.006757
4.983333 0.006757
5.000000 0.006280
5.016667 0.007602
5.033333 0.006824
5.050000 0.007140
5.066667 0.006419
5.083333 0.008342
5.100000 0.007443
5.116667 0.008085
5.133333 0.008958
5.150000 0.007808
5.166667 0.008325
5.183333 0.008118
5.200000 0.008892
5.216667 0.008884
5.233333 0.008926
5.250000 0.009830
5.266667 0.008456
5.283333 0.008156
5.300000 0.007866
5.316667 0.007502
5.333333 0.008398
5.350000 0.007457
5.366667 0.007008
5.383333 0.007558
5.400000 0.006223
5.416667 0.007266
5.433333 0.007903
5.450000 0.006760
5.466667 0.007806
5.483333 0.007559
5.500000 0.008018
5.516667 0.007235
5.533333 0.007295
5.550000 0.007611
5.566667 0.006539
5.583333 0.007423
5.600000 0.007598
5.616667 0.008773
5.633333 0.007750
5.650000 0.008084
5.666667 0.009185
5.683333 0.007467
5.700000 0.007499
5.716667 0.007760
5.733333 0.007679
5.750000 0.007684
5.766667 0.008099
5.783333 0.007582
5.800000 0.007371
5.816667 0.008224
5.833333 0.007462
5.850000 0.006655
5.866667 0.006742
5.883333 0.006869
5.900000 0.007308
5.916667 0.006535
5.933333 0.007124
5.950000 0.007760
5.966667 0.006837
5.983333 0.007876
6.000000 0.007226
6.016667 0.007063
6.033333 0.007173
6.050000 0.007129
6.066667 0.007833
6.083333 0.007038
6.100000 0.007716
6.116667 0.008044
6.133333 0.008608
6.150000 0.008746
6.166667 0.009066
6.183333 0.008165
6.200000 0.009052
6.216667 0.007772
6.233333 0.007995
6.250000 0.007967
6.266667 0.008741
6.283333 0.008187
6.300000 0.007920
6.316667 0.007768
6.333333 0.008467
6.350000 0.007262
6.366667 0.008139
6.383333 0.007776
6.400000 0.008201
6.416667 0.007612
6.433333 0.007210
6.450000 0.007695
6.466667 0.007316
6.483333 0.008988
6.500000 0.009069
6.516667 0.007119
6.533333 0.007255
6.550000 0.007411
6.566667 0.008827
6.583333 0.008907
6.600000 0.007620
6.616667 0.007272
6.633333 0.007278
6.650000 0.007004
6.666667 0.007857
6.683333 0.008063
6.700000 0.007414
6.716667 0.008851
6.733333 0.008105
6.750000 0.007902
6.766667 0.008228
6.783333 0.007749
6.800000 0.007917
6.816667 0.008191
6.833333 0.007292
6.850000 0.007899
6.866667 0.007103
6.883333 0.008018
6.900000 0.008585
6.916667 0.008056
6.933333 0.008633
6.950000 0.008793
6.966667 0.007742
6.983333 0.007989
7.000000 0.007364
7.016667 0.008446
7.033333 0.007322
7.050000 0.007300
7.066667 0.008109
7.083333 0.006982
7.100000 0.008153
7.116667 0.007542
7.133333 0.007976
7.150000 0.006986
7.166667 0.007345
7.183333 0.007309
7.200000 0.007361
7.216667 0.008182
7.233333 0.007953
7.250000 0.008634
7.266667 0.008012
7.283333 0.007817
7.300000 0.007396
7.316667 0.007647
7.333333 0.007748
7.350000 0.007493
7.366667 0.008728
7.383333 0.007231
7.400000 0.007727
7.416667 0.008207
7.433333 0.007577
7.450000 0.007668
7.466667 0.007732
7.483333 0.007657
7.500000 0.007951
7.516667 0.008874
7.533333 0.007930
7.550000 0.007697
7.566667 0.007878
7.583333 0.007743
7.600000 0.007804
7.616667 0.008098
7.633333 0.007158
7.650000 0.007580
7.666667 0.007051
7.683333 0.007387
7.700000 0.008367
7.716667 0.008402
7.733333 0.007106
7.750000 0.007790
7.766667 0.007408
7.783333 0.007099
7.800000 0.008466
7.816667 0.009430
7.833333 0.007450
7.850000 0.008679
7.866667 0.008450
7.883333 0.009051
7.900000 0.008711
7.916667 0.007619
7.933333 0.007838
7.950000 0.007899
7.966667 0.007553
7.983333 0.008516
8.000000 0.008267
8.016667 0.008352
8.033333 0.007464
8.050000 0.007898
8.066667 0.008522
8.083333 0.008226
8.100000 0.007302
8.116667 0.008298
8.133333 0.007723
8.150000 0.008948
8.166667 0.009092
8.183333 0.008558
8.200000 0.008210
8.216667 0.009191
8.233333 0.007968
8.250000 0.008146
8.266667 0.009239
8.283333 0.009226
8.300000 0.008749
8.316667 0.008144
8.333333 0.007622
8.350000 0.007574
8.366667 0.008723
8.383333 0.007616
8.400000 0.008402
8.416667 0.008233
8.433333 0.008451
8.450000 0.007323
8.466667 0.007501
8.483333 0.008128
8.500000 0.007557
8.516667 0.008972
8.533333 0.008908
8.550000 0.008418
8.566667 0.007637
8.583333 0.008049
8.600000 0.009144
8.616667 0.008526
8.633333 0.007160
8.650000 0.008707
8.666667 0.007859
8.683333 0.007346
8.700000 0.008054
8.716667 0.007480
8.733333 0.008028
8.750000 0.008725
8.766667 0.008266
8.783333 0.007696
8.800000 0.007678
8.816667 0.007802
8.833333 0.007719
8.850000 0.008063
8.866667 0.007838
8.883333 0.007878
8.900000 0.008325
8.916667 0.008220
8.933333 0.009462
8.950000 0.010515
8.966667 0.010060
8.983333 0.010980
9.000000 0.010667
9.016667 0.011548
9.033333 0.010740
9.050000 0.010974
9.066667 0.011143
9.083333 0.010521
9.100000 0.010333
9.116667 0.010829
9.133333 0.010321
9.150000 0.012058
9.166667 0.010616
9.183333 0.012376
9.200000 0.010291
9.216667 0.009471
9.233333 0.011957
9.250000 0.010587
9.266667 0.010040
9.283333 0.009632
9.300000 0.010121
9.316667 0.009654
9.333333 0.008519
9.350000 0.009664
9.366667 0.008752
9.383333 0.008622
9.400000 0.009136
9.416667 0.009197
9.433333 0.008973
9.450000 0.008322
9.466667 0.009418
9.483333 0.009219
9.500000 0.009561
9.516667 0.009579
9.533333 0.008060
9.550000 0.008320
9.566667 0.008402
9.583333 0.008579
9.600000 0.008867
9.616667 0.009290
9.633333 0.008435
9.650000 0.009022
9.666667 0.008897
9.683333 0.007737
9.700000 0.008861
9.716667 0.008959
9.733333 0.008835
9.750000 0.008340
9.766667 0.008836
9.783333 0.009374
9.800000 0.008448
9.816667 0.009060
9.833333 0.007929
9.850000 0.008020
9.866667 0.008816
9.883333 0.007999
9.900000 0.008682
9.916667 0.008521
9.933333 0.010237
9.950000 0.009998
9.966667 0.008331
9.983333 0.009128
10.000000 0.009929