0.000000 0.064998
0.016667 0.059047
0.033333 0.057789
0.050000 0.058095
0.066933 0.057583
0.083333 0.056051
0.100000 0.055197
0.116667 0.056522
0.133333 0.056718
0.150000 0.055771
0.166667 0.055607
0.183333 0.055558
0.200267 0.055642
0.216667 0.055780
0.233083 0.055529
0.250267 0.055725
0.266417 0.057195
0.283333 0.056025
0.299750 0.056302
0.316667 0.055695
0.333333 0.056796
0.350000 0.056680
0.366417 0.057972
0.383333 0.058933
0.400000 0.058297
0.416667 0.057390
0.433333 0.057816
0.450000 0.060303
0.466667 0.059852
0.483333 0.060406
0.500000 0.059866
0.516933 0.068111
0.533333 0.062307
0.550267 0.061482
0.566417 0.065715
0.583333 0.062372
0.600000 0.061727
0.616667 0.061996
0.633083 0.063182
0.650000 0.062512
0.666417 0.064345
0.683083 0.064648
0.700267 0.064661
0.716933 0.065682
0.733333 0.065262
0.750000 0.066401
0.766667 0.066096
0.783333 0.067488
0.800000 0.067678
0.816667 0.068204
0.833083 0.068058
0.850000 0.069774
0.866933 0.069405
0.883333 0.071163
0.899750 0.070302
0.916417 0.071697
0.933083 0.073039
0.950000 0.073389
0.966933 0.073482
0.983083 0.075257
1.000000 0.075154
1.016933 0.076876
1.033083 0.077765
1.050000 0.077975
1.066667 0.079138
1.083333 0.079935
1.100000 0.081462
1.116417 0.083109
1.133083 0.083987
1.150000 0.085517
1.166417 0.085362
1.183333 0.087565
1.200000 0.088991
1.216417 0.089329
1.233333 0.091595
1.250000 0.092572
1.266667 0.094256
1.283600 0.096252
1.300000 0.096319
1.316417 0.098254
1.333333 0.099407
1.350000 0.100983
1.366667 0.103000
1.383600 0.104783
1.400000 0.106700
1.416933 0.108646
1.433333 0.110959
1.450267 0.114159
1.466667 0.115867
1.483333 0.118200
1.499750 0.119705
1.516667 0.123262
1.533333 0.124821
1.550267 0.127937
1.566933 0.131154
1.583600 0.133549
1.600267 0.136068
1.616933 0.139048
1.633600 0.142901
1.650267 0.146213
1.666933 0.149037
1.683600 0.152289
1.700267 0.155688
1.716933 0.159145
1.733333 0.161730
1.750000 0.165912
1.766667 0.168968
1.783600 0.173013
1.800000 0.177273
1.816933 0.181593
1.833600 0.185434
1.850267 0.189484
1.866667 0.194485
1.883083 0.198802
1.899750 0.204016
1.916417 0.208395
1.933333 0.214507
1.949750 0.219363
1.966417 0.224274
1.983333 0.228183
2.000000 0.233266
2.016667 0.238065
2.033333 0.243826
2.050000 0.249724
2.066933 0.255804
2.083333 0.261738
2.100267 0.265055
2.116417 0.268708
2.133333 0.274145
2.150000 0.280075
2.166667 0.285451
2.183600 0.290874
2.200000 0.296565
2.216933 0.302308
2.233333 0.307875
2.250000 0.313300
2.266667 0.319425
2.283600 0.324681
2.299750 0.330771
2.316417 0.336214
2.333083 0.341871
2.349750 0.347927
2.366417 0.352902
2.383083 0.358366
2.400000 0.364869
2.416667 0.371425
2.433333 0.377409
2.449750 0.383271
2.466933 0.389504
2.483083 0.395473
2.500000 0.401789
2.516933 0.407770
2.533333 0.413154
2.549750 0.419754
2.566667 0.425692
2.583600 0.431628
2.600000 0.437983
2.616667 0.443221
2.633083 0.449807
2.650000 0.456466
2.666667 0.462786
2.683600 0.469330
2.699750 0.475309
2.716667 0.480400
2.733083 0.487170
2.750267 0.492611
2.766933 0.498389
2.783083 0.504034
2.799750 0.509931
2.816667 0.516233
2.833083 0.522221
2.849750 0.528132
2.866667 0.533903
2.883083 0.540489
2.900000 0.544811
2.916933 0.551808
2.933083 0.557362
2.950000 0.561716
2.966933 0.568806
2.983333 0.573066
3.000267 0.580889
3.016667 0.585997
3.033600 0.592867
3.049750 0.598780
3.066667 0.603831
3.083083 0.610842
3.099750 0.616471
3.116667 0.621768
3.133333 0.629200
3.150000 0.632901
3.166933 0.641462
3.183600 0.646792
3.200267 0.652637
3.216933 0.659135
3.233083 0.663061
3.249750 0.670381
3.266933 0.674473
3.283333 0.680925
3.300000 0.686924
3.316667 0.691752
3.333333 0.699398
3.350000 0.703894
3.366417 0.710735
3.383083 0.713403
3.400267 0.722882
3.416933 0.728157
3.433333 0.732582
3.450000 0.737147
3.466667 0.744635
3.483600 0.751059
3.500000 0.753793
3.516417 0.761656
3.533333 0.768199
3.550267 0.774921
3.566667 0.780086
3.583083 0.785815
3.600000 0.790883
3.616417 0.797987
3.633083 0.802207
3.649750 0.808860
3.666667 0.813183
3.683083 0.819320
3.699750 0.825487
3.716417 0.832287
3.733600 0.834169
3.750000 0.840942
3.766667 0.846969
3.783600 0.855195
3.800000 0.859089
3.816667 0.858117
3.833333 0.871517
3.850000 0.875552
3.866667 0.880080
3.883333 0.885620
3.900000 0.892173
3.916667 0.898352
3.933333 0.902180
3.950000 0.908263
3.966667 0.915619
3.983083 0.920603
4.000000 0.925377
4.016933 0.932845
4.033083 0.936624
4.050267 0.939213
4.066933 0.947182
4.083600 0.948715
4.100267 0.952950
4.116417 0.965623
4.133333 0.968125
4.150000 0.965690
4.166667 0.976565
4.183600 0.988445
4.199750 0.989889
4.216417 0.992392
4.233083 1.001082
4.250000 1.005778
4.266667 1.003782
4.283333 1.007240
4.300267 1.022625
4.316417 1.023126
4.333600 1.030557
4.350267 1.037170
4.366417 1.038882
4.383600 1.048181
4.399750 1.054141
4.416417 1.058062
4.433333 1.058250
4.450267 1.063840
4.466933 1.073025
4.483600 1.075693
4.500000 1.070232
4.516417 1.082905
4.533083 1.083259
4.549750 1.091508
4.566417 1.100314
4.583333 1.094279
4.599750 1.113066
4.616667 1.110967
4.633333 1.114754
4.649750 1.125800
4.666667 1.128554
4.683333 1.128942
4.699750 1.138010
4.716667 1.143625
4.733083 1.145932
4.750000 1.157125
4.766417 1.153399
4.783083 1.158748
4.800267 1.169043
4.816417 1.170243
4.833333 1.179279
4.850000 1.187919
4.866417 1.187207
4.883333 1.196731
4.900000 1.194854
4.916417 1.193516
4.933083 1.210778
4.949750 1.209077
4.966667 1.218712
4.983333 1.216371
5.000000 1.226983
5.016667 1.234371
5.033333 1.235058
5.049750 1.237973
5.066417 1.232406
5.083600 1.250450
5.100267 1.248199
5.116933 1.256233
5.133600 1.254986
5.150267 1.267261
5.166667 1.264045
5.183333 1.262153
5.200267 1.272349
5.216417 1.269900
5.233083 1.279562
5.249750 1.283484
5.266667 1.288258
5.283600 1.280572
5.300000 1.285789
5.316667 1.302700
5.333083 1.305075
5.350000 1.315453
5.366667 1.296326
5.383333 1.316785
5.399750 1.315876
5.416667 1.314088
5.433333 1.329885
5.450000 1.315871
5.466667 1.337081
5.483083 1.338500
5.500000 1.344416
5.516667 1.337972
5.533083 1.333346
5.550000 1.362071
5.566667 1.359677
5.583083 1.360205
5.599750 1.360771
5.616667 1.365783
5.633333 1.369985
5.649750 1.357863
5.666417 1.365544
5.683333 1.388557
5.699750 1.378449
5.716667 1.397478
5.733333 1.396236
5.750267 1.381411
5.766417 1.393448
5.783600 1.419919
5.800000 1.410964
5.816417 1.414057
5.833600 1.421621
5.850267 1.411402
5.866667 1.421516
5.883333 1.413975
5.899750 1.411384
5.916417 1.431005
5.933083 1.407320
5.949750 1.414123
5.966417 1.442257
5.983333 1.447497
6.000000 1.446168
6.016667 1.435844
6.033600 1.443103
6.050267 1.457474
6.066933 1.450188
6.083333 1.444087
6.100267 1.447961
6.116667 1.467400
6.133083 1.465443
6.150000 1.460394
6.166667 1.482506
6.183600 1.468393
6.199750 1.476370
6.216667 1.469972
6.233083 1.480381
6.250000 1.486347
6.266667 1.485318
6.283083 1.480948
6.300000 1.478384
6.316417 1.484581
6.333333 1.475709
6.350000 1.500454
6.366933 1.496502
6.383600 1.500939
6.399750 1.485342
6.416667 1.479966
6.433333 1.488904
6.450000 1.500933
6.466667 1.495575
6.483333 1.509808
6.500267 1.500064
6.516667 1.498537
6.533333 1.515132
6.550000 1.493667
6.566667 1.501593
6.583083 1.519083
6.600000 1.503794
6.616667 1.526795
6.633333 1.527667
6.650000 1.503391
6.666667 1.524966
6.683600 1.527192
6.699750 1.527328
6.716417 1.510598
6.733333 1.549091
6.750000 1.524971
6.766933 1.507979
6.783333 1.540111
6.800000 1.533552
6.816667 1.540318
6.833083 1.539465
6.850000 1.535470
6.866417 1.535200
6.883333 1.535064
6.900000 1.536998
6.916667 1.515633
6.933333 1.538780
6.950000 1.551606
6.966417 1.547820
6.983083 1.544172
7.000267 1.504544
7.016933 1.539513
7.033333 1.564380
7.050000 1.536626
7.066667 1.532944
7.083333 1.537265
7.099750 1.550754
7.116417 1.536142
7.133600 1.539514
7.150267 1.529913
7.166667 1.554433
7.183333 1.542746
7.200267 1.522168
7.216417 1.549737
7.233333 1.557488
7.250000 1.545290
7.266667 1.546848
7.283333 1.539386
7.300000 1.560453
7.316933 1.553506
7.333333 1.542170
7.349750 1.554587
7.366933 1.545391
7.383333 1.553874
7.400000 1.538359
7.416667 1.540092
7.433333 1.542681
7.450000 1.550304
7.466933 1.554553
7.483600 1.547879
7.500267 1.535556
7.516417 1.551220
7.533600 1.541897
7.550267 1.559645
7.566667 1.565592
7.583083 1.561314
7.600267 1.546573
7.616667 1.544721
7.633333 1.534517
7.650267 1.552774
7.666667 1.559311
7.683333 1.540264
7.699750 1.552081
7.716933 1.549565
7.733600 1.554496
7.750267 1.549377
7.766667 1.559131
7.783867 1.538160
7.800000 1.560406
7.816667 1.547817
7.833083 1.546409
7.849750 1.556498
7.866933 1.530202
7.883333 1.537065
7.900267 1.553504
7.916667 1.531035
7.933600 1.562293
7.950000 1.539028
7.966667 1.541231
7.983333 1.540929
8.000267 1.535193
8.016933 1.563521
8.033600 1.548025
8.050267 1.565910
8.066933 1.565562
8.083600 1.555707
8.100267 1.565677
8.116933 1.564081
8.133333 1.526171
8.150267 1.541096
8.166933 1.554377