 
График1 
-------------------
0.000000 -0.000643
0.016667 -0.001011
0.033067 -0.000104
0.050000 0.000017
0.066667 0.000148
0.083067 -0.000093
0.100000 -0.001097
0.116667 -0.000511
0.133333 0.000134
0.150000 -0.000530
0.166667 -0.000210
0.183333 -0.000224
0.200000 -0.000870
0.216667 0.000187
0.233067 -0.001101
0.249733 0.000002
0.266667 -0.000549
0.283583 -0.000196
0.300000 0.000064
0.316667 -0.000395
0.333067 0.001136
0.350000 0.001248
0.366667 -0.000525
0.383583 0.000094
0.400000 0.000065
0.416667 -0.000258
0.433333 -0.000422
0.450000 -0.000583
0.466667 -0.000022
0.483333 0.000685
0.499733 -0.000227
0.516667 0.000328
0.533333 0.000670
0.550000 -0.001188
0.566667 0.000892
0.583067 -0.000579
0.599733 -0.000053
0.616400 0.000169
0.633067 0.000204
0.650000 0.000441
0.666667 -0.000576
0.683067 -0.000582
0.700000 -0.000350
0.716917 0.000419
0.733333 0.000312
0.750000 -0.000060
0.766667 0.000101
0.783583 -0.000192
0.800250 -0.000259
0.816667 -0.000479
0.833067 -0.000496
0.850000 -0.000578
0.866917 0.000172
0.883067 -0.000462
0.900250 -0.000500
0.916667 -0.000129
0.933333 0.000744
0.950250 -0.000564
0.966667 -0.000263
0.983333 0.000629
1.000000 -0.000798
1.016667 0.000042
1.033067 0.000022
1.050000 0.000651
1.066667 -0.000806
1.083067 0.000246
1.100000 -0.001014
1.116400 -0.000075
1.133067 0.000210
1.149733 0.000729
1.166667 -0.000482
1.183333 0.001441
1.199733 0.000470
1.216917 -0.000038
1.233333 0.000232
1.250000 -0.000210
1.266667 -0.000050
1.283067 0.000924
1.300000 0.000139
1.316667 0.000096
1.333333 -0.000252
1.349733 0.000310
1.366667 -0.000129
1.383333 -0.000834
1.400000 0.000168
1.416667 -0.001030
1.433583 0.000762
1.449733 0.000392
1.466667 -0.000473
1.483333 0.000326
1.500000 0.000060
1.516667 0.000302
1.533333 -0.000255
1.550000 0.000135
1.566917 0.000081
1.583333 -0.000179
1.600250 -0.000062
1.616917 -0.000172
1.633583 -0.000798
1.650250 0.000512
1.666667 -0.000001
1.683333 0.000278
1.700000 -0.000281
1.716917 -0.000546
1.733067 -0.000132
1.749733 0.000287
1.766400 0.000040
1.783583 0.000267
1.799733 0.001305
1.816667 0.000005
1.833583 0.001104
1.850000 -0.000080
1.866917 0.000038
1.883067 0.000267
1.900000 0.000076
1.916917 0.000226
1.933583 -0.000910
1.950250 0.000213
1.966400 0.000451
1.983333 0.000244
2.000000 -0.000554
2.016400 -0.000327
2.033333 -0.000439
2.049733 0.000240
2.066917 -0.000231
2.083333 0.000521
2.100000 0.000249
2.116667 0.000781
2.133067 -0.000435
2.150000 0.000303
2.166667 -0.000664
 
График2 
-------------------
0.000000 0.024190
0.016667 0.026665
0.033333 0.026947
0.050000 0.024324
0.066667 0.021179
0.083333 0.020721
0.100000 0.020482
0.116667 0.019908
0.133333 0.020560
0.150000 0.022761
0.166667 0.026629
0.183333 0.030489
0.200000 0.031951
0.216667 0.030646
0.233333 0.027983
0.250000 0.025301
0.266667 0.024072
0.283333 0.023859
0.300000 0.024214
0.316667 0.025377
0.333333 0.025188
0.350000 0.024685
0.366667 0.022798
0.383333 0.023125
0.400000 0.023272
0.416667 0.022629
0.433333 0.022649
0.450000 0.021675
0.466667 0.023005
0.483333 0.022162
0.500000 0.021334
0.516667 0.022186
0.533333 0.022269
0.550000 0.022495
0.566667 0.023485
0.583333 0.023122
0.600000 0.024142
0.616667 0.023405
0.633333 0.023943
0.650000 0.026096
0.666667 0.026606
0.683333 0.027721
0.700000 0.028527
0.716667 0.031422
0.733333 0.032650
0.750000 0.032151
0.766667 0.031156
0.783333 0.029118
0.800000 0.029478
0.816667 0.028314
0.833333 0.027520
0.850000 0.027331
0.866667 0.026699
0.883333 0.027444
0.900000 0.026127
0.916667 0.025469
0.933333 0.025720
0.950000 0.024010
0.966667 0.024743
0.983333 0.024374
1.000000 0.025395
1.016667 0.024124
1.033333 0.024684
1.050000 0.024748
1.066667 0.023983
1.083333 0.024095
1.100000 0.024787
1.116667 0.025091
1.133333 0.024712
1.150000 0.026271
1.166667 0.026143
1.183333 0.026381
1.200000 0.027811
1.216667 0.026566
1.233333 0.026391
1.250000 0.025204
1.266667 0.024684
1.283333 0.024950
1.300000 0.024845
1.316667 0.024581
1.333333 0.025646
1.350000 0.024959
1.366667 0.027080
1.383333 0.025718
1.400000 0.026215
1.416667 0.027163
1.433333 0.027481
1.450000 0.026857
1.466667 0.025901
1.483333 0.027155
1.500000 0.025313
1.516667 0.026063
1.533333 0.025416
1.550000 0.027169
1.566667 0.026326
1.583333 0.027515
1.600000 0.026078
1.616667 0.027173
1.633333 0.027567
1.650000 0.027402
1.666667 0.029293
1.683333 0.030613
1.700000 0.029962
1.716667 0.030024
1.733333 0.030818
1.750000 0.029556
1.766667 0.030317
1.783333 0.028617
1.800000 0.029011
1.816667 0.028483
1.833333 0.029004
1.850000 0.029896
1.866667 0.031026
1.883333 0.032593
1.900000 0.031977
1.916667 0.032536
1.933333 0.030936
1.950000 0.030403
1.966667 0.030346
1.983333 0.030770
2.000000 0.030806
2.016667 0.031667
2.033333 0.031882
2.050000 0.031296
2.066667 0.032351
2.083333 0.032932
2.100000 0.031312
2.116667 0.031350
2.133333 0.031547
2.150000 0.032125
2.166667 0.033467
2.183333 0.032895
2.200000 0.033863
2.216667 0.033093
2.233333 0.033973
2.250000 0.035097
2.266667 0.034577
2.283333 0.035220
2.300000 0.035629
2.316667 0.036140
2.333333 0.035487
2.350000 0.035896
2.366667 0.036430
2.383333 0.036402
2.400000 0.036205
2.416667 0.037232
2.433333 0.037480
2.450000 0.036997
2.466667 0.037317
2.483333 0.038189
2.500000 0.038135
2.516667 0.038383
2.533333 0.039315
2.550000 0.039606
2.566667 0.040575
2.583333 0.041137
2.600000 0.041254
2.616667 0.042673
2.633333 0.042416
2.650000 0.043495
2.666667 0.043921
2.683333 0.043958
2.700000 0.043942
2.716667 0.045594
2.733333 0.045085
2.750000 0.046145
2.766667 0.046624
2.783333 0.046548
2.800000 0.046857
2.816667 0.047462
2.833333 0.048624
2.850000 0.049130
2.866667 0.049889
2.883333 0.050118
2.900000 0.052122
2.916667 0.051738
2.933333 0.052159
2.950000 0.054073
2.966667 0.054525
2.983333 0.055257
3.000000 0.056042
3.016667 0.057573
3.033333 0.057891
3.050000 0.059933
3.066667 0.060568
3.083333 0.061684
3.100000 0.062751
3.116667 0.065529
3.133333 0.068707
3.150000 0.070480
3.166667 0.073194
3.183333 0.075308
3.200000 0.074311
3.216667 0.072029
3.233333 0.072666
3.250000 0.074492
3.266667 0.075822
3.283333 0.077815
3.300000 0.079388
3.316667 0.081011
3.333333 0.082584
3.350000 0.083723
3.366667 0.085992
3.383333 0.087654
3.400000 0.088575
3.416667 0.089967
3.433333 0.091107
3.450000 0.093731
3.466667 0.094329
3.483333 0.097225
3.500000 0.099017
3.516667 0.100991
3.533333 0.102657
3.550000 0.104744
3.566667 0.106170
3.583333 0.108017
3.600000 0.109908
3.616667 0.112080
3.633333 0.113318
3.650000 0.115920
3.666667 0.117379
3.683333 0.118445
3.700000 0.120528
3.716667 0.122372
3.733333 0.125542
3.750000 0.127418
3.766667 0.128968
3.783333 0.131145
3.800000 0.133095
3.816667 0.135583
3.833333 0.136507
3.850000 0.139775
3.866667 0.141876
3.883333 0.143746
3.900000 0.147011
3.916667 0.148827
3.933333 0.150444
3.950000 0.152827
3.966667 0.155385
3.983333 0.157380
4.000000 0.160982
4.016667 0.162354
4.033333 0.164356
4.050000 0.167832
4.066667 0.169168
4.083333 0.171369
4.100000 0.175082
4.116667 0.177142
4.133333 0.178968
4.150000 0.181671
4.166667 0.184131
4.183333 0.186942
4.200000 0.188736
4.216667 0.191443
4.233333 0.193176
4.250000 0.195749
4.266667 0.198552
4.283333 0.201836
4.300000 0.203204
4.316667 0.204912
4.333333 0.208234
4.350000 0.210571
4.366667 0.212537
4.383333 0.214690
4.400000 0.217988
4.416667 0.219705
4.433333 0.222487
4.450000 0.225333
4.466667 0.227598
4.483333 0.230142
4.500000 0.232511
4.516667 0.235435
4.533333 0.237214
4.550000 0.239607
4.566667 0.242933
4.583333 0.245083
4.600000 0.247443
4.616667 0.249883
4.633333 0.253031
4.650000 0.255350
4.666667 0.257508
4.683333 0.259711
4.700000 0.262249
4.716667 0.265214
4.733333 0.267830
4.750000 0.269982
4.766667 0.272441
4.783333 0.274814
4.800000 0.277188
4.816667 0.279564
4.833333 0.282370
4.850000 0.284517
4.866667 0.287621
4.883333 0.289767
4.900000 0.293097
4.916667 0.294463
4.933333 0.297299
4.950000 0.300027
4.966667 0.302387
4.983333 0.304341
5.000000 0.306954
5.016667 0.309161
5.033333 0.312045
5.050000 0.314390
5.066667 0.316660
5.083333 0.318853
5.100000 0.321442
5.116667 0.323754
5.133333 0.326483
5.150000 0.328431
5.166667 0.330862
5.183333 0.332739
5.200000 0.335215
5.216667 0.337204
5.233333 0.339624
5.250000 0.342059
5.266667 0.343679
5.283333 0.346140
5.300000 0.348478
5.316667 0.351350
5.333333 0.353185
5.350000 0.355684
5.366667 0.357542
5.383333 0.360065
5.400000 0.361578
5.416667 0.364227
5.433333 0.366165
5.450000 0.369037
5.466667 0.370777
5.483333 0.373535
5.500000 0.375831
5.516667 0.377991
5.533333 0.380011
5.550000 0.382496
5.566667 0.384892
5.583333 0.387209
5.600000 0.388957
5.616667 0.392107
5.633333 0.394041
5.650000 0.396275
5.666667 0.398031
5.683333 0.400870
5.700000 0.403409
5.716667 0.404772
5.733333 0.407388
5.750000 0.409414
5.766667 0.411867
5.783333 0.414048
5.800000 0.416590
5.816667 0.418039
5.833333 0.420281
5.850000 0.422548
5.866667 0.424508
5.883333 0.427299
5.900000 0.428602
5.916667 0.431004
5.933333 0.433292
5.950000 0.435301
5.966667 0.437214
5.983333 0.439299
6.000000 0.441144
6.016667 0.443659
6.033333 0.445780
6.050000 0.448603
6.066667 0.449512
6.083333 0.452349
6.100000 0.454230
6.116667 0.456847
6.133333 0.459239
6.150000 0.460909
6.166667 0.462656
6.183333 0.464889
6.200000 0.467224
6.216667 0.468777
6.233333 0.471307
6.250000 0.473372
6.266667 0.474278
6.283333 0.477676
6.300000 0.478787
6.316667 0.481657
6.333333 0.482831
6.350000 0.485287
6.366667 0.487926
6.383333 0.489329
6.400000 0.491817
6.416667 0.493504
6.433333 0.495100
6.450000 0.497482
6.466667 0.498787
6.483333 0.501370
6.500000 0.503167
6.516667 0.505071
6.533333 0.507412
6.550000 0.509558
6.566667 0.510814
6.583333 0.512912
6.600000 0.515844
6.616667 0.517635
6.633333 0.518694
6.650000 0.521152
6.666667 0.523286
6.683333 0.524202
6.700000 0.527068
6.716667 0.529788
6.733333 0.531476
6.750000 0.533726
6.766667 0.533822
6.783333 0.536577
6.800000 0.538409
6.816667 0.539860
6.833333 0.541649
6.850000 0.544259
6.866667 0.546761
6.883333 0.547711
6.900000 0.549194
6.916667 0.551567
6.933333 0.553741
6.950000 0.555799
6.966667 0.558035
6.983333 0.559878
7.000000 0.561164
7.016667 0.563259
7.033333 0.565285
7.050000 0.566372
7.066667 0.569020
7.083333 0.570374
7.100000 0.571645
7.116667 0.573408
7.133333 0.575798
7.150000 0.578530
7.166667 0.579374
7.183333 0.582562
7.200000 0.583943
7.216667 0.586141
7.233333 0.587786
7.250000 0.588307
7.266667 0.591771
7.283333 0.592506
7.300000 0.594187
7.316667 0.595942
7.333333 0.598880
7.350000 0.599263
7.366667 0.601688
7.383333 0.602714
7.400000 0.604196
7.416667 0.607580
7.433333 0.608271
7.450000 0.609663
7.466667 0.611974
7.483333 0.612871
7.500000 0.615763
7.516667 0.616628
7.533333 0.617201
7.550000 0.619056
7.566667 0.622553
7.583333 0.623315
7.600000 0.625952
7.616667 0.626598
7.633333 0.628850
7.650000 0.627946
7.666667 0.631084
7.683333 0.634545
7.700000 0.633632
7.716667 0.636847
7.733333 0.639020
7.750000 0.640256
7.766667 0.642054
7.783333 0.642169
7.800000 0.645581
7.816667 0.646960
7.833333 0.648949
7.850000 0.650883
7.866667 0.651661
7.883333 0.652517
7.900000 0.656369
7.916667 0.656533
7.933333 0.657784
7.950000 0.660695
7.966667 0.661714
7.983333 0.664023
8.000000 0.664957
8.016667 0.667983
8.033333 0.667628
8.050000 0.670594
8.066667 0.672710
8.083333 0.675395
8.100000 0.677243
8.116667 0.677367
8.133333 0.676813
8.150000 0.679931
8.166667 0.681466
8.183333 0.681525
8.200000 0.684834
8.216667 0.686851
8.233333 0.686550
8.250000 0.689959
8.266667 0.689039
8.283333 0.693374
8.300000 0.694940
8.316667 0.694466
8.333333 0.696655
8.350000 0.699736
8.366667 0.699921
8.383333 0.702668
8.400000 0.703851
8.416667 0.705710
8.433333 0.707688
8.450000 0.708612
8.466667 0.710398
8.483333 0.713439
8.500000 0.714292
8.516667 0.716390
8.533333 0.717780
8.550000 0.714490
8.566667 0.720922
8.583333 0.720375
8.600000 0.723978
8.616667 0.725060
8.633333 0.726611
8.650000 0.728445
8.666667 0.728875
8.683333 0.726981
8.700000 0.733319
8.716667 0.733462
8.733333 0.736636
8.750000 0.739005
8.766667 0.735573
8.783333 0.740648
8.800000 0.739915
8.816667 0.742758
8.833333 0.744537
8.850000 0.746806
8.866667 0.747587
8.883333 0.749304
8.900000 0.750734
8.916667 0.751327
8.933333 0.749005
8.950000 0.752643
8.966667 0.755707
8.983333 0.757200
9.000000 0.759395
9.016667 0.758136
9.033333 0.760756
9.050000 0.764434
9.066667 0.764950
9.083333 0.765952
9.100000 0.768283
9.116667 0.770174
9.133333 0.770779
9.150000 0.773462
9.166667 0.774759
9.183333 0.774926
9.200000 0.775479
9.216667 0.775482
9.233333 0.777654
9.250000 0.780364
9.266667 0.781474
9.283333 0.782584
9.300000 0.784931
9.316667 0.786437
9.333333 0.787089
9.350000 0.785728
9.366667 0.790649
9.383333 0.787295
9.400000 0.792195
9.416667 0.790781
9.433333 0.796939
9.450000 0.796649
9.466667 0.799331
9.483333 0.798454
9.500000 0.801320
9.516667 0.799621
9.533333 0.806194
9.550000 0.801397
9.566667 0.803647
9.583333 0.808277
9.600000 0.808380
9.616667 0.807473
9.633333 0.811485
9.650000 0.809419
9.666667 0.812767
9.683333 0.814125
9.700000 0.814851
9.716667 0.817713
9.733333 0.821522
9.750000 0.822162
9.766667 0.821369
9.783333 0.819407
9.800000 0.823488
9.816667 0.824570
9.833333 0.826542
9.850000 0.826709
9.866667 0.828698
9.883333 0.828902
9.900000 0.829598
9.916667 0.830042
9.933333 0.830024
9.950000 0.838178
9.966667 0.837238
9.983333 0.839367
10.000000 0.837568
 
График3 
-------------------
0.000000 0.022009
0.016667 0.013109
0.033333 0.010642
0.050000 0.009656
0.066667 0.009231
0.083333 0.010360
0.100000 0.010246
0.116667 0.010447
0.133333 0.010202
0.150000 0.009596
0.166667 0.011515
0.183333 0.012082
0.200000 0.012231
0.216667 0.011820
0.233333 0.010783
0.250000 0.012880
0.266667 0.011564
0.283333 0.011788
0.300000 0.011321
0.316667 0.011429
0.333333 0.011317
0.350000 0.011627
0.366667 0.010825
0.383333 0.010967
0.400000 0.011123
0.416667 0.011131
0.433333 0.011259
0.450000 0.012437
0.466667 0.012321
0.483333 0.013194
0.500000 0.012013
0.516667 0.014466
0.533333 0.016495
0.550000 0.017761
0.566667 0.019388
0.583333 0.019906
0.600000 0.019361
0.616667 0.020427
0.633333 0.019913
0.650000 0.019408
0.666667 0.018953
0.683333 0.019981
0.700000 0.019723
0.716667 0.019832
0.733333 0.019788
0.750000 0.018026
0.766667 0.015723
0.783333 0.014863
0.800000 0.013017
0.816667 0.012761
0.833333 0.012920
0.850000 0.012824
0.866667 0.013285
0.883333 0.012914
0.900000 0.015406
0.916667 0.015036
0.933333 0.014052
0.950000 0.013029
0.966667 0.012642
0.983333 0.013442
1.000000 0.013477
1.016667 0.014206
1.033333 0.014456
1.050000 0.013566
1.066667 0.014170
1.083333 0.014027
1.100000 0.013192
1.116667 0.013947
1.133333 0.014184
1.150000 0.014615
1.166667 0.014962
1.183333 0.015908
1.200000 0.013659
1.216667 0.014372
1.233333 0.014533
1.250000 0.014424
1.266667 0.014259
1.283333 0.013885
1.300000 0.014228
1.316667 0.014465
1.333333 0.015241
1.350000 0.014886
1.366667 0.014735
1.383333 0.015630
1.400000 0.015257
1.416667 0.015730
1.433333 0.017075
1.450000 0.015860
1.466667 0.015909
1.483333 0.015079
1.500000 0.015577
1.516667 0.015273
1.533333 0.015559
1.550000 0.015338
1.566667 0.016674
1.583333 0.015557
1.600000 0.016141
1.616667 0.015854
1.633333 0.016495
1.650000 0.015819
1.666667 0.015503
1.683333 0.015807
1.700000 0.016918
1.716667 0.017090
1.733333 0.016110
1.750000 0.016908
1.766667 0.017564
1.783333 0.017717
1.800000 0.017307
1.816667 0.017668
1.833333 0.018202
1.850000 0.017949
1.866667 0.018302
1.883333 0.017909
1.900000 0.017969
1.916667 0.018108
1.933333 0.017548
1.950000 0.017526
1.966667 0.018811
1.983333 0.017672
2.000000 0.017631
2.016667 0.018223
2.033333 0.019123
2.050000 0.018878
2.066667 0.019984
2.083333 0.018936
2.100000 0.018904
2.116667 0.020605
2.133333 0.020872
2.150000 0.019914
2.166667 0.020019
2.183333 0.020953
2.200000 0.019685
2.216667 0.020320
2.233333 0.020414
2.250000 0.020079
2.266667 0.020261
2.283333 0.020247
2.300000 0.019960
2.316667 0.019741
2.333333 0.020227
2.350000 0.019889
2.366667 0.020565
2.383333 0.021387
2.400000 0.021482
2.416667 0.020571
2.433333 0.021401
2.450000 0.021276
2.466667 0.021667
2.483333 0.022948
2.500000 0.021971
2.516667 0.023176
2.533333 0.022903
2.550000 0.022195
2.566667 0.021863
2.583333 0.023654
2.600000 0.023543
2.616667 0.023920
2.633333 0.024153
2.650000 0.024587
2.666667 0.025078
2.683333 0.024845
2.700000 0.025681
2.716667 0.026231
2.733333 0.025466
2.750000 0.025226
2.766667 0.025488
2.783333 0.026186
2.800000 0.027132
2.816667 0.026816
2.833333 0.026339
2.850000 0.027724
2.866667 0.027448
2.883333 0.028730
2.900000 0.028068
2.916667 0.028727
2.933333 0.029377
2.950000 0.029915
2.966667 0.030362
2.983333 0.031750
3.000000 0.029679
3.016667 0.031696
3.033333 0.032060
3.050000 0.034043
3.066667 0.033986
3.083333 0.032971
3.100000 0.032217
3.116667 0.034698
3.133333 0.033115
3.150000 0.034395
3.166667 0.035610
3.183333 0.035376
3.200000 0.036380
3.216667 0.036666
3.233333 0.038050
3.250000 0.037973
3.266667 0.039113
3.283333 0.040494
3.300000 0.040845
3.316667 0.041055
3.333333 0.042988
3.350000 0.043303
3.366667 0.043910
3.383333 0.044123
3.400000 0.044671
3.416667 0.045720
3.433333 0.046913
3.450000 0.048259
3.466667 0.049621
3.483333 0.050961
3.500000 0.051523
3.516667 0.053653
3.533333 0.055655
3.550000 0.058317
3.566667 0.061918
3.583333 0.062466
3.600000 0.063529
3.616667 0.063654
3.633333 0.064234
3.650000 0.065230
3.666667 0.065296
3.683333 0.067687
3.700000 0.068916
3.716667 0.070463
3.733333 0.072219
3.750000 0.072679
3.766667 0.074648
3.783333 0.075671
3.800000 0.077869
3.816667 0.078841
3.833333 0.080637
3.850000 0.082313
3.866667 0.084326
3.883333 0.085330
3.900000 0.088403
3.916667 0.089536
3.933333 0.091370
3.950000 0.092980
3.966667 0.095131
3.983333 0.097608
4.000000 0.098010
4.016667 0.100860
4.033333 0.103119
4.050000 0.104289
4.066667 0.106308
4.083333 0.108303
4.100000 0.110185
4.116667 0.111329
4.133333 0.113299
4.150000 0.115580
4.166667 0.117378
4.183333 0.119848
4.200000 0.122019
4.216667 0.124483
4.233333 0.127780
4.250000 0.128570
4.266667 0.132005
4.283333 0.133674
4.300000 0.135315
4.316667 0.138686
4.333333 0.139454
4.350000 0.141814
4.366667 0.144760
4.383333 0.146350
4.400000 0.149895
4.416667 0.150926
4.433333 0.152973
4.450000 0.155815
4.466667 0.158121
4.483333 0.160885
4.500000 0.162014
4.516667 0.165060
4.533333 0.168149
4.550000 0.169641
4.566667 0.172083
4.583333 0.174699
4.600000 0.176260
4.616667 0.179306
4.633333 0.182633
4.650000 0.184521
4.666667 0.187354
4.683333 0.190502
4.700000 0.191959
4.716667 0.195150
4.733333 0.197105
4.750000 0.199790
4.766667 0.201950
4.783333 0.204732
4.800000 0.206925
4.816667 0.208643
4.833333 0.211891
4.850000 0.213969
4.866667 0.216327
4.883333 0.218361
4.900000 0.221684
4.916667 0.223817
4.933333 0.225992
4.950000 0.228450
4.966667 0.231144
4.983333 0.233004
5.000000 0.235687
5.016667 0.238137
5.033333 0.239965
5.050000 0.242943
5.066667 0.244809
5.083333 0.247634
5.100000 0.250560
5.116667 0.252304
5.133333 0.254978
5.150000 0.256815
5.166667 0.259645
5.183333 0.262372
5.200000 0.264258
5.216667 0.266559
5.233333 0.268894
5.250000 0.272174
5.266667 0.274225
5.283333 0.276115
5.300000 0.278834
5.316667 0.281170
5.333333 0.284182
5.350000 0.287018
5.366667 0.289105
5.383333 0.291816
5.400000 0.294087
5.416667 0.296763
5.433333 0.298807
5.450000 0.301627
5.466667 0.303911
5.483333 0.306704
5.500000 0.309040
5.516667 0.311156
5.533333 0.313343
5.550000 0.315978
5.566667 0.317851
5.583333 0.320348
5.600000 0.322197
5.616667 0.324813
5.633333 0.327211
5.650000 0.329254
5.666667 0.331775
5.683333 0.334230
5.700000 0.335783
5.716667 0.339059
5.733333 0.340813
5.750000 0.343684
5.766667 0.346198
5.783333 0.348371
5.800000 0.351282
5.816667 0.353462
5.833333 0.355424
5.850000 0.357655
5.866667 0.359711
5.883333 0.361827
5.900000 0.363990
5.916667 0.366676
5.933333 0.368407
5.950000 0.370960
5.966667 0.373036
5.983333 0.375575
6.000000 0.377458
6.016667 0.379408
6.033333 0.382020
6.050000 0.384282
6.066667 0.386522
6.083333 0.388118
6.100000 0.390355
6.116667 0.392157
6.133333 0.394486
6.150000 0.396948
6.166667 0.399307
6.183333 0.400895
6.200000 0.403137
6.216667 0.405311
6.233333 0.407442
6.250000 0.410172
6.266667 0.412064
6.283333 0.414065
6.300000 0.416527
6.316667 0.418358
6.333333 0.420803
6.350000 0.422792
6.366667 0.424826
6.383333 0.426986
6.400000 0.429307
6.416667 0.431667
6.433333 0.434449
6.450000 0.435926
6.466667 0.438060
6.483333 0.440552
6.500000 0.442290
6.516667 0.444505
6.533333 0.446891
6.550000 0.449020
6.566667 0.450687
6.583333 0.453038
6.600000 0.454783
6.616667 0.456808
6.633333 0.458219
6.650000 0.460904
6.666667 0.463026
6.683333 0.465772
6.700000 0.467179
6.716667 0.469213
6.733333 0.470581
6.750000 0.473108
6.766667 0.474876
6.783333 0.476902
6.800000 0.478946
6.816667 0.481175
6.833333 0.483471
6.850000 0.485503
6.866667 0.487231
6.883333 0.489755
6.900000 0.491631
6.916667 0.493527
6.933333 0.495197
6.950000 0.497872
6.966667 0.499609
6.983333 0.501758
7.000000 0.503507
7.016667 0.505346
7.033333 0.507647
7.050000 0.509255
7.066667 0.511267
7.083333 0.513344
7.100000 0.515614
7.116667 0.517283
7.133333 0.518786
7.150000 0.520871
7.166667 0.522366
7.183333 0.524339
7.200000 0.525419
7.216667 0.529269
7.233333 0.530835
7.250000 0.531811
7.266667 0.533782
7.283333 0.535489
7.300000 0.539156
7.316667 0.540353
7.333333 0.541762
7.350000 0.543068
7.366667 0.545488
7.383333 0.548142
7.400000 0.548990
7.416667 0.549976
7.433333 0.553313
7.450000 0.556726
7.466667 0.557591
7.483333 0.558169
7.500000 0.561064
7.516667 0.563862
7.533333 0.565959
7.550000 0.567711
7.566667 0.569445
7.583333 0.571464
7.600000 0.573349
7.616667 0.574871
7.633333 0.577815
7.650000 0.580089
7.666667 0.581217
7.683333 0.582974
7.700000 0.584220
7.716667 0.584702
7.733333 0.587367
7.750000 0.590198
7.766667 0.591865
7.783333 0.593615
7.800000 0.596260
7.816667 0.597482
7.833333 0.598916
7.850000 0.599478
7.866667 0.602780
7.883333 0.604198
7.900000 0.606482
7.916667 0.607111
7.933333 0.608827
7.950000 0.610931
7.966667 0.612673
7.983333 0.615105
8.000000 0.615548
8.016667 0.618535
8.033333 0.619141
8.050000 0.621412
8.066667 0.625250
8.083333 0.625099
8.100000 0.626456
8.116667 0.629751
8.133333 0.631062
8.150000 0.631622
8.166667 0.634756
8.183333 0.636779
8.200000 0.637537
8.216667 0.639629
8.233333 0.640251
8.250000 0.642239
8.266667 0.643860
8.283333 0.645863
8.300000 0.647200
8.316667 0.648828
8.333333 0.650968
8.350000 0.651871
8.366667 0.651979
8.383333 0.654321
8.400000 0.657130
8.416667 0.659342
8.433333 0.660806
8.450000 0.660680
8.466667 0.662216
8.483333 0.664848
8.500000 0.666902
8.516667 0.667322
8.533333 0.670527
8.550000 0.669933
8.566667 0.674044
8.583333 0.673914
8.600000 0.677402
8.616667 0.679328
8.633333 0.679666
8.650000 0.681836
8.666667 0.682726
8.683333 0.684737
8.700000 0.685443
8.716667 0.687224
8.733333 0.689313
8.750000 0.691383
8.766667 0.693275
8.783333 0.694287
8.800000 0.696375
8.816667 0.697631
8.833333 0.700064
8.850000 0.697198
8.866667 0.702211
8.883333 0.704503
8.900000 0.706338
8.916667 0.707205
8.933333 0.709174
8.950000 0.709312
8.966667 0.712274
8.983333 0.712667
9.000000 0.715048
9.016667 0.716477
9.033333 0.715686
9.050000 0.717212
9.066667 0.720882
9.083333 0.722990
9.100000 0.722278
9.116667 0.724306
9.133333 0.727462
9.150000 0.726290
9.166667 0.728340
9.183333 0.731503
9.200000 0.731923
9.216667 0.733507
9.233333 0.734740
9.250000 0.736805
9.266667 0.737008
9.283333 0.739827
9.300000 0.739502
9.316667 0.741949
9.333333 0.744130
9.350000 0.744658
9.366667 0.744909
9.383333 0.749353
9.400000 0.749834
9.416667 0.751589
9.433333 0.752288
9.450000 0.751644
9.466667 0.756230
9.483333 0.756650
9.500000 0.758873
9.516667 0.758738
9.533333 0.761361
9.550000 0.763255
9.566667 0.764755
9.583333 0.765237
9.600000 0.765866
9.616667 0.768198
9.633333 0.770486
9.650000 0.773727
9.666667 0.773449
9.683333 0.773483
9.700000 0.774163
9.716667 0.774243
9.733333 0.779242
9.750000 0.780010
9.766667 0.779922
9.783333 0.782308
9.800000 0.782714
9.816667 0.782423
9.833333 0.783590
9.850000 0.788060
9.866667 0.785371
9.883333 0.790510
9.900000 0.792124
9.916667 0.795205
9.933333 0.796135
9.950000 0.796446
9.966667 0.798593
9.983333 0.798484
10.000000 0.799794
 
График4 
-------------------
0.000000 0.030872
0.016667 0.031645
0.033333 0.031918
0.050000 0.031586
0.066667 0.031093
0.083333 0.031209
0.100000 0.031180
0.116667 0.031169
0.133333 0.031306
0.150000 0.031393
0.166667 0.032587
0.183333 0.032517
0.200000 0.031758
0.216667 0.032832
0.233333 0.032513
0.250000 0.032466
0.266667 0.031831
0.283333 0.032529
0.300000 0.032738
0.316667 0.033236
0.333333 0.033442
0.350000 0.032944
0.366667 0.032545
0.383333 0.032110
0.400000 0.032059
0.416667 0.031901
0.433333 0.031077
0.450000 0.030866
0.466667 0.031934
0.483333 0.030811
0.500000 0.031579
0.516667 0.031809
0.533333 0.030654
0.550000 0.030987
0.566667 0.030845
0.583333 0.030145
0.600000 0.031305
0.616667 0.030366
0.633333 0.030952
0.650000 0.031934
0.666667 0.032014
0.683333 0.030414
0.700000 0.030260
0.716667 0.031062
0.733333 0.031184
0.750000 0.030876
0.766667 0.030722
0.783333 0.030116
0.800000 0.031486
0.816667 0.030056
0.833333 0.030402
0.850000 0.030551
0.866667 0.030573
0.883333 0.030868
0.900000 0.030457
0.916667 0.030707
0.933333 0.030456
0.950000 0.030819
0.966667 0.030144
0.983333 0.031229
1.000000 0.030316
1.016667 0.031101
1.033333 0.031196
1.050000 0.032475
1.066667 0.031211
1.083333 0.031859
1.100000 0.032326
1.116667 0.031441
1.133333 0.031299
1.150000 0.032294
1.166667 0.031710
1.183333 0.031380
1.200000 0.031095
1.216667 0.031170
1.233333 0.031046
1.250000 0.031541
1.266667 0.030929
1.283333 0.031833
1.300000 0.031736
1.316667 0.030671
1.333333 0.031269
1.350000 0.030706
1.366667 0.030894
1.383333 0.031244
1.400000 0.030677
1.416667 0.030631
1.433333 0.031288
1.450000 0.030860
1.466667 0.031144
1.483333 0.031399
1.500000 0.030951
1.516667 0.030777
1.533333 0.030940
1.550000 0.030827
1.566667 0.031724
1.583333 0.031599
1.600000 0.030749
1.616667 0.031003
1.633333 0.032173
1.650000 0.031614
1.666667 0.030068
1.683333 0.030603
1.700000 0.029806
1.716667 0.030186
1.733333 0.030142
1.750000 0.029758
1.766667 0.031017
1.783333 0.031235
1.800000 0.031240
1.816667 0.031412
1.833333 0.032156
1.850000 0.030236
1.866667 0.031058
1.883333 0.031032
1.900000 0.031883
1.916667 0.030905
1.933333 0.030925
1.950000 0.031115
1.966667 0.032551
1.983333 0.030531
2.000000 0.031412
2.016667 0.032052
2.033333 0.030413
2.050000 0.031714
2.066667 0.030868
2.083333 0.030240
2.100000 0.030562
2.116667 0.030772
2.133333 0.030664
2.150000 0.031595
2.166667 0.030667
2.183333 0.030667
2.200000 0.031515
2.216667 0.030894
2.233333 0.030754
2.250000 0.031808
2.266667 0.032258
2.283333 0.031044
2.300000 0.030973
2.316667 0.031888
2.333333 0.031440
2.350000 0.030389
2.366667 0.032275
2.383333 0.032071
2.400000 0.031572
2.416667 0.031102
2.433333 0.031454
2.450000 0.031069
2.466667 0.032039
2.483333 0.031283
2.500000 0.030957
2.516667 0.030399
2.533333 0.031982
2.550000 0.030667
2.566667 0.030641
2.583333 0.031482
2.600000 0.031601
2.616667 0.032281
2.633333 0.031746
2.650000 0.031695
2.666667 0.032092
2.683333 0.031738
2.700000 0.032115
2.716667 0.030483
2.733333 0.030428
2.750000 0.030558
2.766667 0.030331
2.783333 0.030467
2.800000 0.030137
2.816667 0.031064
2.833333 0.030253
2.850000 0.029945
2.866667 0.030731
2.883333 0.030437
2.900000 0.030465
2.916667 0.031981
2.933333 0.031641
2.950000 0.030801
2.966667 0.031040
2.983333 0.030120
3.000000 0.030510
3.016667 0.030725
3.033333 0.030954
3.050000 0.030194
3.066667 0.031083
3.083333 0.031396
3.100000 0.030873
3.116667 0.031582
3.133333 0.030934
3.150000 0.030577
3.166667 0.030665
3.183333 0.031145
3.200000 0.030233
3.216667 0.031503
3.233333 0.030755
3.250000 0.032228
3.266667 0.031582
3.283333 0.031450
3.300000 0.031571
3.316667 0.031475
3.333333 0.031862
3.350000 0.031882
3.366667 0.031871
3.383333 0.031806
3.400000 0.031494
3.416667 0.032593
3.433333 0.031864
3.450000 0.031965
3.466667 0.032368
3.483333 0.032209
3.500000 0.031734
3.516667 0.031539
3.533333 0.031642
3.550000 0.030916
3.566667 0.031106
3.583333 0.031145
3.600000 0.031394
3.616667 0.031687
3.633333 0.030598
3.650000 0.032504
3.666667 0.031469
3.683333 0.031554
3.700000 0.031491
3.716667 0.031311
3.733333 0.030757
3.750000 0.031847
3.766667 0.030997
3.783333 0.031671
3.800000 0.032061
3.816667 0.032674
3.833333 0.031679
3.850000 0.031374
3.866667 0.030878
3.883333 0.030661
3.900000 0.030695
3.916667 0.031060
3.933333 0.031620
3.950000 0.031841
3.966667 0.032254
3.983333 0.031430
4.000000 0.032590
4.016667 0.032673
4.033333 0.031868
4.050000 0.032274
4.066667 0.030839
4.083333 0.030998
4.100000 0.031301
4.116667 0.030700
4.133333 0.031245
4.150000 0.030468
4.166667 0.030638
4.183333 0.031382
4.200000 0.031029
4.216667 0.030710
4.233333 0.031305
4.250000 0.031033
4.266667 0.031448
4.283333 0.031612
4.300000 0.030967
4.316667 0.031694
4.333333 0.030792
4.350000 0.030151
4.366667 0.031116
4.383333 0.030899
4.400000 0.031668
4.416667 0.030384
4.433333 0.030523
4.450000 0.031054
4.466667 0.031148
4.483333 0.030760
4.500000 0.030883
4.516667 0.031175
4.533333 0.030775
4.550000 0.031436
4.566667 0.030702
4.583333 0.031301
4.600000 0.031099
4.616667 0.031858
4.633333 0.032171
4.650000 0.029993
4.666667 0.030793
4.683333 0.030348
4.700000 0.030021
4.716667 0.029689
4.733333 0.029752
4.750000 0.029861
4.766667 0.030238
4.783333 0.029826
4.800000 0.031082
4.816667 0.030636
4.833333 0.030990
4.850000 0.030973
4.866667 0.030833
4.883333 0.030458
4.900000 0.030808
4.916667 0.030867
4.933333 0.030497
4.950000 0.030539
4.966667 0.030935
4.983333 0.031006
5.000000 0.031271
5.016667 0.031286
5.033333 0.031264
5.050000 0.030516
5.066667 0.031731
5.083333 0.031205
5.100000 0.030614
5.116667 0.030975
5.133333 0.031150
5.150000 0.030593
5.166667 0.032058
5.183333 0.030520
5.200000 0.031571
5.216667 0.030419
5.233333 0.032254
5.250000 0.031847
5.266667 0.030685
5.283333 0.031126
5.300000 0.031003
5.316667 0.031387
5.333333 0.031318
5.350000 0.030810
5.366667 0.030746
5.383333 0.030982
5.400000 0.030431
5.416667 0.030692
5.433333 0.031697
5.450000 0.032059
5.466667 0.030709
5.483333 0.031545
5.500000 0.031227
5.516667 0.031835
5.533333 0.031604
5.550000 0.031171
5.566667 0.031807
5.583333 0.030067
5.600000 0.029718
5.616667 0.030059
5.633333 0.030435
5.650000 0.030335
5.666667 0.029807
5.683333 0.030709
5.700000 0.030183
5.716667 0.031322
5.733333 0.030017
5.750000 0.030251
5.766667 0.030486
5.783333 0.030472
5.800000 0.030157
5.816667 0.030809
5.833333 0.030761
5.850000 0.030564
5.866667 0.030210
5.883333 0.030545
5.900000 0.030175
5.916667 0.031879
5.933333 0.030339
5.950000 0.030903
5.966667 0.030334
5.983333 0.030588
6.000000 0.030682
6.016667 0.031572
6.033333 0.031001
6.050000 0.030662
6.066667 0.030287
6.083333 0.031778
6.100000 0.030065
6.116667 0.030692
6.133333 0.030151
6.150000 0.029958
6.166667 0.029685
6.183333 0.030764
6.200000 0.030968
6.216667 0.029990
6.233333 0.031045
6.250000 0.029542
6.266667 0.029417
6.283333 0.029820
6.300000 0.030141
6.316667 0.030640
6.333333 0.031630
6.350000 0.030218
6.366667 0.030617
6.383333 0.031071
6.400000 0.031023
6.416667 0.031668
6.433333 0.030669
6.450000 0.030867
6.466667 0.030347
6.483333 0.030380
6.500000 0.030347
6.516667 0.030853
6.533333 0.030857
6.550000 0.030698
6.566667 0.031336
6.583333 0.030414
6.600000 0.030039
6.616667 0.030615
6.633333 0.031376
6.650000 0.030264
6.666667 0.030445
6.683333 0.029476
6.700000 0.030411
6.716667 0.029928
6.733333 0.030084
6.750000 0.029697
6.766667 0.030924
6.783333 0.030093
6.800000 0.029680
6.816667 0.030123
6.833333 0.029980
6.850000 0.030013
6.866667 0.031095
6.883333 0.030710
6.900000 0.030839
6.916667 0.030472
6.933333 0.030942
6.950000 0.030230
6.966667 0.030433
6.983333 0.031148
7.000000 0.031200
7.016667 0.030599
7.033333 0.030358
7.050000 0.031520
7.066667 0.031546
7.083333 0.031127
7.100000 0.032085
7.116667 0.030335
7.133333 0.030994
7.150000 0.032760
7.166667 0.031106
7.183333 0.031021
7.200000 0.031719
7.216667 0.032948
7.233333 0.031248
7.250000 0.030900
7.266667 0.030519
7.283333 0.030612
7.300000 0.031140
7.316667 0.031200
7.333333 0.031397
7.350000 0.032018
7.366667 0.031277
7.383333 0.031969
7.400000 0.031916
7.416667 0.031813
7.433333 0.031757
7.450000 0.031449
7.466667 0.031847
7.483333 0.032061
7.500000 0.030864
7.516667 0.032016
7.533333 0.032197
7.550000 0.031037
7.566667 0.031458
7.583333 0.031192
7.600000 0.031187
7.616667 0.031530
7.633333 0.031422
7.650000 0.032442
7.666667 0.032603
7.683333 0.031142
7.700000 0.032107
7.716667 0.031797
7.733333 0.030953
7.750000 0.032033
7.766667 0.031022
7.783333 0.031273
7.800000 0.031275
7.816667 0.030983
7.833333 0.030216
7.850000 0.031926
7.866667 0.030547
7.883333 0.031031
7.900000 0.031937
7.916667 0.031918
7.933333 0.030967
7.950000 0.031120
7.966667 0.030599
7.983333 0.032013
8.000000 0.030482
8.016667 0.030757
8.033333 0.031148
8.050000 0.031501
8.066667 0.031399
8.083333 0.031837
8.100000 0.031685
8.116667 0.032018
8.133333 0.032887
8.150000 0.030938
8.166667 0.031507
8.183333 0.031206
8.200000 0.031713
8.216667 0.031393
8.233333 0.030959
8.250000 0.032019
8.266667 0.031340
8.283333 0.032282
8.300000 0.031341
8.316667 0.030643
8.333333 0.031502
8.350000 0.031028
8.366667 0.030801
8.383333 0.030830
8.400000 0.031758
8.416667 0.031290
8.433333 0.030776
8.450000 0.030375
8.466667 0.030231
8.483333 0.030123
8.500000 0.029984
8.516667 0.029937
8.533333 0.029735
8.550000 0.029719
8.566667 0.029184
8.583333 0.029835
8.600000 0.030194
8.616667 0.030937
8.633333 0.030969
8.650000 0.030531
8.666667 0.029877
8.683333 0.031102
8.700000 0.029888
8.716667 0.030580
8.733333 0.030315
8.750000 0.030389
8.766667 0.030678
8.783333 0.029737
8.800000 0.029841
8.816667 0.029772
8.833333 0.029599
8.850000 0.030983
8.866667 0.031242
8.883333 0.030600
8.900000 0.030036
8.916667 0.031222
8.933333 0.030495
8.950000 0.030648
8.966667 0.030399
8.983333 0.030326
9.000000 0.030746
9.016667 0.030041
9.033333 0.030577
9.050000 0.030308
9.066667 0.030495
9.083333 0.030358
9.100000 0.030705
9.116667 0.031067
9.133333 0.030565
9.150000 0.031439
9.166667 0.029849
9.183333 0.030774
9.200000 0.030343
9.216667 0.031549
9.233333 0.030501
9.250000 0.030485
9.266667 0.031365
9.283333 0.031955
9.300000 0.031626
9.316667 0.031600
9.333333 0.030897
9.350000 0.030891
9.366667 0.031639
9.383333 0.030614
9.400000 0.031336
9.416667 0.030671
9.433333 0.030905
9.450000 0.030171
9.466667 0.030336
9.483333 0.030119
9.500000 0.030999
9.516667 0.030800
9.533333 0.030090
9.550000 0.030214
9.566667 0.030457
9.583333 0.030263
9.600000 0.030581
9.616667 0.030180
9.633333 0.030892
9.650000 0.032209
9.666667 0.030424
9.683333 0.030090
9.700000 0.030392
9.716667 0.031373
9.733333 0.030248
9.750000 0.030564
9.766667 0.030046
9.783333 0.030384
9.800000 0.030025
9.816667 0.030436
9.833333 0.029816
9.850000 0.029452
9.866667 0.029352
9.883333 0.029009
9.900000 0.029455
9.916667 0.030195
9.933333 0.029383
9.950000 0.030132
9.966667 0.029225
9.983333 0.029840
10.000000 0.029556
 
График5 
-------------------
0.000000 0.013345
0.016417 0.012763
0.033333 0.012228
0.050000 0.012154
0.066417 0.011862
0.083333 0.013139
0.099750 0.014823
0.116667 0.015035
0.133333 0.015550
0.150000 0.014823
0.166417 0.013909
0.183083 0.012782
0.200000 0.013012
0.216417 0.013011
0.233083 0.013169
0.249750 0.013247
0.266933 0.013449
0.283083 0.013184
0.299750 0.013170
0.316933 0.012952
0.333600 0.012958
0.350267 0.012814
0.366667 0.013373
0.383333 0.012324
0.400000 0.012287
0.416667 0.011990
0.433333 0.012789
0.449750 0.012351
0.466667 0.012420
0.483333 0.011645
0.500000 0.012494
0.516417 0.012200
0.533083 0.013402
0.549750 0.012354
0.566667 0.012525
0.583333 0.012852
0.599750 0.013454
0.616667 0.012925
0.633333 0.012260
0.649750 0.011429
0.666667 0.013189
0.683600 0.011948
0.700000 0.011852
0.716667 0.011383
0.733083 0.012904
0.750000 0.011754
0.766667 0.012107
0.783333 0.012460
0.800000 0.011695
0.816667 0.012335
0.833333 0.012478
0.850000 0.013187
0.866417 0.014819
0.883333 0.015347
0.899750 0.016378
0.916417 0.017524
0.933083 0.018619
0.949750 0.018161
0.966933 0.018556
0.983333 0.016453
0.999750 0.014992
1.016417 0.013450
1.033600 0.013407
1.050000 0.012885
1.066667 0.012373
1.083083 0.012348
1.100000 0.012536
1.116667 0.012699
1.133600 0.012864
1.150000 0.013889
1.166667 0.013318
1.183333 0.013235
1.200000 0.013102
1.216667 0.013217
1.233333 0.013034
1.250000 0.012778
1.266667 0.013301
1.283333 0.012928
1.300267 0.013654
1.316933 0.013793
1.333333 0.012338
1.350000 0.012847
1.366667 0.012955
1.383333 0.012347
1.400000 0.011758
1.416667 0.011291
1.433333 0.012353
1.450000 0.011486
1.466417 0.011264
1.483333 0.011216
1.500000 0.011365
1.516667 0.011383
1.533600 0.012216
1.550000 0.012057
1.566667 0.011950
1.583333 0.012823
1.600000 0.011327
1.616417 0.012008
1.633333 0.011277
1.650000 0.010657
1.666933 0.011987
1.683333 0.010801
1.700000 0.011011
1.716667 0.010775
1.733333 0.010769
1.749750 0.010694
1.766417 0.010505
1.783083 0.011608
1.800267 0.011313
1.816667 0.011623
1.833083 0.012306
1.850000 0.012743
1.866667 0.012039
1.883333 0.012979
1.900000 0.013189
1.916667 0.012035
1.933083 0.012781
1.950000 0.013083
1.966417 0.012543
1.983083 0.013016
1.999750 0.011686
2.016667 0.012873
2.033333 0.013449
2.050000 0.011640
2.066667 0.011729
2.083333 0.013082
2.100000 0.012287
2.116667 0.011349
2.133333 0.011140
2.150000 0.012862
2.166667 0.011888
2.183333 0.013414
2.200000 0.012501
2.216667 0.012842
2.233333 0.012471
2.250000 0.012692
2.266667 0.013029
2.283333 0.012126
2.300000 0.011544
2.316667 0.012006
2.333083 0.011538
2.350000 0.012812
2.366667 0.013088
2.383333 0.012545
2.400267 0.012188
2.416667 0.012205
2.433333 0.011901
2.450000 0.012534
2.466667 0.012248
2.483333 0.011801
2.500000 0.011608
2.516417 0.013764
2.533333 0.013163
2.550267 0.011783
2.566933 0.011707
2.583333 0.012102
2.600000 0.011299
2.616667 0.012748
2.633083 0.011713
2.650000 0.012955
2.666667 0.011876
2.683600 0.011531
2.700000 0.011998
2.716667 0.011610
2.733333 0.011853
2.750000 0.012256
2.766667 0.012332
2.783333 0.011857
2.799750 0.013011
2.816667 0.011921
2.833333 0.013342
2.850000 0.011227
2.866667 0.012500
2.883600 0.011834
2.899750 0.012810
2.916417 0.012344
2.933333 0.012133
2.950000 0.011861
2.966667 0.012218
2.983083 0.011936
2.999750 0.012270
3.016667 0.012424
3.033333 0.012826
3.049750 0.012531
3.066417 0.011424
3.083083 0.011714
3.099750 0.012286
3.116667 0.012312
3.133333 0.013183
3.150000 0.011711
3.166667 0.011655
3.183600 0.011803
3.200000 0.011964
3.216667 0.011535
3.233333 0.012979
3.250000 0.012342
3.266417 0.011637
3.283083 0.012434
3.300000 0.011292
3.316667 0.012140
3.333333 0.012189
3.349750 0.014268
3.366417 0.012392
3.383333 0.013319
3.399750 0.012828
3.416933 0.013222
3.433333 0.012219
3.450267 0.012870
3.466933 0.012858
3.483600 0.012102
3.500000 0.012842
3.516667 0.011816
3.533600 0.012285
3.549750 0.013532
3.566933 0.012383
3.583333 0.011976
3.600267 0.012282
3.616667 0.011997
3.633333 0.012237
3.650000 0.012208
3.666667 0.012062
3.683333 0.012104
3.700000 0.012559
3.716667 0.012533
3.733333 0.012237
3.750000 0.013622
3.766667 0.012164
3.783333 0.011418
3.800267 0.013061
3.816933 0.011277
3.833333 0.011537
3.849750 0.011133
3.866667 0.011250
3.883333 0.011071
3.900000 0.011397
3.916667 0.012198
3.933600 0.011444
3.950000 0.012269
3.966667 0.011590
3.983600 0.012206
4.000267 0.012517
4.016417 0.011598
4.033333 0.012386
4.050000 0.011994
4.066667 0.011563
4.083333 0.011691
4.100000 0.011653
4.116417 0.011207
4.133333 0.012591
4.150000 0.011905
4.166667 0.011107
4.183333 0.012580
4.200000 0.011750
4.216667 0.013754
4.233333 0.011533
4.250000 0.012339
4.266667 0.012302
4.283333 0.011678
4.300000 0.011788
4.316667 0.011415
4.333333 0.012753
4.350000 0.012477
4.366667 0.011859
4.383333 0.012005
4.400000 0.011520
4.416417 0.012179
4.433083 0.011410
4.450000 0.011554
4.466667 0.012267
4.483083 0.012412
4.500000 0.012159
4.516417 0.011001
4.533333 0.012179
4.550000 0.012036
4.566667 0.012578
4.583333 0.011443
4.599750 0.012208
4.616667 0.011417
4.633333 0.011431
4.650000 0.012189
4.666667 0.011667
4.683333 0.011162
4.699750 0.012373
4.716933 0.012044
4.733600 0.011767
4.750000 0.012466
4.766667 0.011389
4.783600 0.011485
4.800000 0.011628
4.816667 0.011703
4.833333 0.012217
4.850267 0.013013
4.866417 0.011830
4.883600 0.012865
4.900000 0.012101
4.916933 0.011724
4.933600 0.012563
4.950267 0.011803
4.966933 0.012016
4.983600 0.012563
5.000000 0.011758
5.016667 0.010944
5.033333 0.011991
5.050267 0.012215
5.066667 0.011606
5.083333 0.012633
5.100000 0.011495
5.116667 0.010975
5.133333 0.011379
5.150000 0.012413
5.166667 0.010687
5.183083 0.012352
5.200267 0.012661
5.216933 0.011336
5.233600 0.011893
5.250000 0.010609
5.266933 0.011034
5.283333 0.011016
5.300000 0.012181
5.316933 0.011728
5.333333 0.012886
5.350267 0.012085
5.366417 0.011077
5.383083 0.010966
5.400000 0.012087
5.416417 0.011414
5.433333 0.012319
5.450000 0.011823
5.466667 0.012522
5.483333 0.011728
5.500267 0.012588
5.516667 0.012594
5.533600 0.012299
5.550267 0.012827
5.566417 0.011382
5.583333 0.011849
5.599750 0.011944
5.616417 0.011261
5.633083 0.012522
5.649750 0.011165
5.666417 0.012286
5.683333 0.011534
5.700000 0.011864
5.716417 0.012793
5.733333 0.011249
5.750000 0.012333
5.766417 0.011633
5.783083 0.012860
5.800000 0.010766
5.816417 0.012201
 
График6 
-------------------
0.000000 0.009230
0.016667 0.005885
0.033333 0.006022
0.050000 0.008397
0.066667 0.006536
0.083333 0.007119
0.100000 0.007064
0.116667 0.006849
0.133333 0.006400
0.150000 0.007062
0.166667 0.008302
0.183333 0.006459
0.200000 0.006974
0.216667 0.007608
0.233333 0.007737
0.250000 0.008019
0.266667 0.008719
0.283333 0.008629
0.300000 0.008179
0.316667 0.007921
0.333333 0.007980
0.350000 0.008676
0.366667 0.008351
0.383333 0.009102
0.400000 0.008887
0.416667 0.009353
0.433333 0.007769
0.450000 0.008767
0.466667 0.008183
0.483333 0.009263
0.500000 0.008415
0.516667 0.009105
0.533333 0.008904
0.550000 0.010773
0.566667 0.008417
0.583333 0.009229
0.600000 0.008359
0.616667 0.008817
0.633333 0.008497
0.650000 0.009293
0.666667 0.009878
0.683333 0.008725
0.700000 0.010819
0.716667 0.009555
0.733333 0.009426
0.750000 0.009977
0.766667 0.010883
0.783333 0.009800
0.800000 0.009759
0.816667 0.010402
0.833333 0.010075
0.850000 0.010506
0.866667 0.010077
0.883333 0.010198
0.900000 0.012398
0.916667 0.014098
0.933333 0.010777
0.950000 0.011065
0.966667 0.010106
0.983333 0.010154
1.000000 0.010651
1.016667 0.011266
1.033333 0.010864
1.050000 0.013122
1.066667 0.011758
1.083333 0.011571
1.100000 0.010640
1.116667 0.011772
1.133333 0.011607
1.150000 0.011012
1.166667 0.011444
1.183333 0.011658
1.200000 0.011269
1.216667 0.011620
1.233333 0.012515
1.250000 0.012170
1.266667 0.011704
1.283333 0.011441
1.300000 0.012394
1.316667 0.011754
1.333333 0.010830
1.350000 0.012920
1.366667 0.011947
1.383333 0.012025
1.400000 0.012627
1.416667 0.012638
1.433333 0.011290
1.450000 0.012187
1.466667 0.012402
1.483333 0.012680
1.500000 0.011816
1.516667 0.012692
1.533333 0.013584
1.550000 0.014559
1.566667 0.015707
1.583333 0.014145
1.600000 0.012578
1.616667 0.013704
1.633333 0.014780
1.650000 0.013887
1.666667 0.014663
1.683333 0.014060
1.700000 0.013857
1.716667 0.013339
1.733333 0.013845
1.750000 0.014335
1.766667 0.014703
1.783333 0.014691
1.800000 0.015072
1.816667 0.013762
1.833333 0.014573
1.850000 0.014084
1.866667 0.014934
1.883333 0.014103
1.900000 0.014607
1.916667 0.014710
1.933333 0.015156
1.950000 0.014387
1.966667 0.014114
1.983333 0.014463
2.000000 0.014454
2.016667 0.014300
2.033333 0.014795
2.050000 0.015687
2.066667 0.015777
2.083333 0.014524
2.100000 0.016026
2.116667 0.015048
2.133333 0.015614
2.150000 0.016415
2.166667 0.015378
2.183333 0.016172
2.200000 0.015953
2.216667 0.016132
2.233333 0.016186
2.250000 0.016209
2.266667 0.016112
2.283333 0.016164
2.300000 0.016769
2.316667 0.016593
2.333333 0.017408
2.350000 0.017307
2.366667 0.017393
2.383333 0.016996
2.400000 0.017168
2.416667 0.018118
2.433333 0.018500
2.450000 0.018564
2.466667 0.019259
2.483333 0.018673
2.500000 0.018640
2.516667 0.018280
2.533333 0.017991
2.550000 0.018414
2.566667 0.018495
2.583333 0.019413
2.600000 0.020018
2.616667 0.019751
2.633333 0.019665
2.650000 0.019545
2.666667 0.019746
2.683333 0.021165
2.700000 0.019661
2.716667 0.020118
2.733333 0.020102
2.750000 0.020660
2.766667 0.020715
2.783333 0.020413
2.800000 0.020888
2.816667 0.020824
2.833333 0.022130
2.850000 0.022046
2.866667 0.022740
2.883333 0.021125
2.900000 0.021793
2.916667 0.023104
2.933333 0.022983
2.950000 0.022563
2.966667 0.022726
2.983333 0.023661
3.000000 0.023552
3.016667 0.024341
3.033333 0.023646
3.050000 0.025023
3.066667 0.024910
3.083333 0.024942
3.100000 0.025993
3.116667 0.024772
3.133333 0.026807
3.150000 0.026565
3.166667 0.026776
3.183333 0.026499
3.200000 0.028331
3.216667 0.027802
3.233333 0.028246
3.250000 0.029362
3.266667 0.029238
3.283333 0.030490
3.300000 0.029990
3.316667 0.030613
3.333333 0.030243
3.350000 0.030604
3.366667 0.030801
3.383333 0.032349
3.400000 0.033221
3.416667 0.032591
3.433333 0.034346
3.450000 0.034991
3.466667 0.034685
3.483333 0.034760
3.500000 0.035657
3.516667 0.037131
3.533333 0.037270
3.550000 0.037410
3.566667 0.038395
3.583333 0.039157
3.600000 0.040003
3.616667 0.040721
3.633333 0.041841
3.650000 0.042233
3.666667 0.044146
3.683333 0.045231
3.700000 0.044792
3.716667 0.046121
3.733333 0.046753
3.750000 0.049012
3.766667 0.049523
3.783333 0.050572
3.800000 0.051375
3.816667 0.053048
3.833333 0.054738
3.850000 0.055727
3.866667 0.056084
3.883333 0.056723
3.900000 0.059094
3.916667 0.060567
3.933333 0.061805
3.950000 0.063355
3.966667 0.065513
3.983333 0.066318
4.000000 0.067825
4.016667 0.068851
4.033333 0.070098
4.050000 0.073242
4.066667 0.074367
4.083333 0.077137
4.100000 0.077987
4.116667 0.079106
4.133333 0.081747
4.150000 0.083205
4.166667 0.084550
4.183333 0.086559
4.200000 0.088628
4.216667 0.091152
4.233333 0.092118
4.250000 0.095837
4.266667 0.096091
4.283333 0.098549
4.300000 0.101078
4.316667 0.101985
4.333333 0.104835
4.350000 0.106794
4.366667 0.109010
4.383333 0.110729
4.400000 0.113464
4.416667 0.115379
4.433333 0.118191
4.450000 0.119606
4.466667 0.122529
4.483333 0.124113
4.500000 0.126105
4.516667 0.128932
4.533333 0.130952
4.550000 0.132885
4.566667 0.135045
4.583333 0.138087
4.600000 0.139854
4.616667 0.142668
4.633333 0.144702
4.650000 0.147273
4.666667 0.150604
4.683333 0.152315
4.700000 0.155150
4.716667 0.157171
4.733333 0.160239
4.750000 0.163926
4.766667 0.164925
4.783333 0.167124
4.800000 0.170252
4.816667 0.172229
4.833333 0.175260
4.850000 0.177459
4.866667 0.179280
4.883333 0.182352
4.900000 0.184778
4.916667 0.187068
4.933333 0.189831
4.950000 0.192593
4.966667 0.194711
4.983333 0.197380
5.000000 0.200169
5.016667 0.202720
5.033333 0.205151
5.050000 0.208247
5.066667 0.209865
5.083333 0.212288
5.100000 0.215910
5.116667 0.218358
5.133333 0.220499
5.150000 0.223405
5.166667 0.226215
5.183333 0.229384
5.200000 0.231618
5.216667 0.233900
5.233333 0.236515
5.250000 0.239829
5.266667 0.241831
5.283333 0.244989
5.300000 0.247649
5.316667 0.249975
5.333333 0.252452
5.350000 0.255030
5.366667 0.257398
5.383333 0.260025
5.400000 0.263638
5.416667 0.265498
5.433333 0.268081
5.450000 0.270532
5.466667 0.274005
5.483333 0.276152
5.500000 0.278781
5.516667 0.280503
5.533333 0.283702
5.550000 0.286260
5.566667 0.288560
5.583333 0.291335
5.600000 0.293460
5.616667 0.297068
5.633333 0.298621
5.650000 0.301566
5.666667 0.303520
5.683333 0.305718
5.700000 0.308369
5.716667 0.311311
5.733333 0.314400
5.750000 0.316363
5.766667 0.318419
5.783333 0.321358
5.800000 0.323839
5.816667 0.325867
5.833333 0.329108
5.850000 0.331862
5.866667 0.333888
5.883333 0.335883
5.900000 0.338535
5.916667 0.341173
5.933333 0.343784
5.950000 0.346119
5.966667 0.348171
5.983333 0.350658
6.000000 0.353711
6.016667 0.356236
6.033333 0.358195
6.050000 0.360972
6.066667 0.362765
6.083333 0.365920
6.100000 0.367769
6.116667 0.370348
6.133333 0.372836
6.150000 0.375355
6.166667 0.377648
6.183333 0.380023
6.200000 0.382716
6.216667 0.384917
6.233333 0.386777
6.250000 0.389334
6.266667 0.391645
6.283333 0.394103
6.300000 0.396597
6.316667 0.399224
6.333333 0.401104
6.350000 0.403740
6.366667 0.405820
6.383333 0.407941
6.400000 0.411122
6.416667 0.413181
6.433333 0.415270
6.450000 0.417709
6.466667 0.419807
6.483333 0.421796
6.500000 0.424177
6.516667 0.426190
6.533333 0.428366
6.550000 0.431106
6.566667 0.433443
6.583333 0.435350
6.600000 0.437660
6.616667 0.439788
6.633333 0.442878
6.650000 0.445268
6.666667 0.447384
6.683333 0.449014
6.700000 0.451343
6.716667 0.453757
6.733333 0.455905
6.750000 0.458245
6.766667 0.459587
6.783333 0.462243
6.800000 0.464226
6.816667 0.466955
6.833333 0.469154
6.850000 0.470691
6.866667 0.473114
6.883333 0.476082
6.900000 0.477277
6.916667 0.480074
6.933333 0.482694
6.950000 0.484307
6.966667 0.486565
6.983333 0.487692
7.000000 0.490531
7.016667 0.492830
7.033333 0.494784
7.050000 0.497290
7.066667 0.498857
7.083333 0.501118
7.100000 0.502768
7.116667 0.506095
7.133333 0.507032
7.150000 0.509653
7.166667 0.512543
7.183333 0.513524
7.200000 0.516551
7.216667 0.517345
7.233333 0.519925
7.250000 0.520881
7.266667 0.524071
7.283333 0.526329
7.300000 0.528562
7.316667 0.529240
7.333333 0.531347
7.350000 0.533670
7.366667 0.536544
7.383333 0.538239
7.400000 0.539971
7.416667 0.543656
7.433333 0.544023
7.450000 0.546897
7.466667 0.548989
7.483333 0.550117
7.500000 0.551639
7.516667 0.554651
7.533333 0.556023
7.550000 0.556724
7.566667 0.559678
7.583333 0.562849
7.600000 0.564341
7.616667 0.566859
7.633333 0.568690
7.650000 0.569427
7.666667 0.571686
7.683333 0.574451
7.700000 0.575779
7.716667 0.578653
7.733333 0.580588
7.750000 0.581686
7.766667 0.583871
7.783333 0.584788
7.800000 0.586687
7.816667 0.590066
7.833333 0.591790
7.850000 0.592153
7.866667 0.595448
7.883333 0.595744
7.900000 0.599203
7.916667 0.601528
7.933333 0.602512
7.950000 0.604034
7.966667 0.606417
7.983333 0.606757
8.000000 0.609144
8.016667 0.610902
8.033333 0.613789
8.050000 0.614040
8.066667 0.617348
8.083333 0.618856
8.100000 0.619938
8.116667 0.622150
8.133333 0.624377
8.150000 0.626059
8.166667 0.628681
8.183333 0.629028
8.200000 0.630469
8.216667 0.632041
8.233333 0.634435
8.250000 0.637937
8.266667 0.639360
8.283333 0.639135
8.300000 0.642388
8.316667 0.643072
8.333333 0.645982
8.350000 0.647604
8.366667 0.650168
8.383333 0.649750
8.400000 0.653461
8.416667 0.653450
8.433333 0.655777
8.450000 0.657720
8.466667 0.659910
8.483333 0.662017
8.500000 0.664647
8.516667 0.664394
8.533333 0.667523
8.550000 0.668325
8.566667 0.670543
8.583333 0.672565
8.600000 0.673029
8.616667 0.674258
8.633333 0.676191
8.650000 0.678909
8.666667 0.680344
8.683333 0.681874
8.700000 0.683890
8.716667 0.685944
8.733333 0.685444
8.750000 0.688336
8.766667 0.691491
8.783333 0.689808
8.800000 0.691617
8.816667 0.695483
8.833333 0.695255
8.850000 0.696668
8.866667 0.699938
8.883333 0.702266
8.900000 0.699781
8.916667 0.704888
8.933333 0.707101
8.950000 0.706243
8.966667 0.709448
8.983333 0.711051
9.000000 0.713039
9.016667 0.712532
9.033333 0.714321
9.050000 0.717993
9.066667 0.720593
9.083333 0.719957
9.100000 0.721435
9.116667 0.721644
9.133333 0.723031
9.150000 0.725728
9.166667 0.726671
9.183333 0.729261
9.200000 0.731165
9.216667 0.730235
9.233333 0.734028
9.250000 0.736948
9.266667 0.738272
9.283333 0.740281
9.300000 0.740621
9.316667 0.742928
9.333333 0.742924
9.350000 0.745689
9.366667 0.748591
9.383333 0.749078
9.400000 0.750496
9.416667 0.749062
9.433333 0.752594
9.450000 0.753472
9.466667 0.755803
9.483333 0.756536
9.500000 0.757224
9.516667 0.758507
9.533333 0.760677
9.550000 0.761622
9.566667 0.763171
9.583333 0.766027
9.600000 0.765804
9.616667 0.768811
9.633333 0.769988
9.650000 0.771884
9.666667 0.772399
9.683333 0.772392
9.700000 0.775252
9.716667 0.775983
9.733333 0.777891
9.750000 0.778971
9.766667 0.781463
9.783333 0.782672
9.800000 0.783334
9.816667 0.783165
9.833333 0.786942
9.850000 0.786900
9.866667 0.789933
9.883333 0.789598
9.900000 0.789679
9.916667 0.792973
9.933333 0.793466
9.950000 0.793625
9.966667 0.797089
9.983333 0.796726
10.000000 0.799532
 
График7 
-------------------
0.000000 0.066015
0.016917 0.067698
0.033333 0.063823
0.050000 0.060682
0.066400 0.063533
0.083583 0.061374
0.100000 0.063669
0.116917 0.066644
0.133333 0.069697
0.149733 0.075435
0.166400 0.079083
0.183583 0.081974
0.200250 0.088303
0.216917 0.095013
0.233583 0.101278
0.249733 0.111246
0.266400 0.120577
0.283583 0.131153
0.300000 0.145737
0.316667 0.160642
0.333333 0.175514
0.350000 0.192415
0.366667 0.209110
0.383333 0.229526
0.400000 0.249209
0.416667 0.270275
0.433333 0.291834
0.450250 0.312673
0.466917 0.334372
0.483333 0.355418
0.500250 0.375670
0.516917 0.396705
0.533333 0.416830
0.550250 0.437070
0.566917 0.456999
0.583067 0.475793
0.600000 0.495862
0.616917 0.515870
0.633583 0.534498
0.650250 0.553130
0.666667 0.572517
0.683583 0.592350
0.700000 0.611005
0.716667 0.628269
0.733067 0.647448
0.750000 0.666035
0.766917 0.681776
0.783583 0.703781
0.800250 0.715600
0.816667 0.733327
0.833583 0.746770
0.850000 0.764816
0.866667 0.779795
0.883067 0.794836
0.900000 0.811467
0.916667 0.822555
0.933333 0.838167
0.950000 0.850501
0.966917 0.867689
0.983333 0.877115
1.000250 0.895380
1.016400 0.904120
1.033583 0.912086
1.050000 0.925752
1.066667 0.935726
1.083333 0.948374
1.100000 0.955642
1.116667 0.968107
1.133333 0.978428
1.149733 0.984884
1.166667 0.995289
1.183333 1.006367
1.200000 1.013424
1.216667 1.023267
1.233583 1.023184
1.250000 1.035508
1.266400 1.043831
1.283333 1.052157
1.300000 1.056282
1.316667 1.067055
1.333583 1.070605
1.350250 1.077765
1.366917 1.070716
1.383067 1.089918
1.400000 1.092401
1.416917 1.100530
1.433333 1.108303
1.450250 1.112527
1.466400 1.118388
1.483333 1.117122
1.500250 1.124208
1.517183 1.131961
1.533333 1.127903
1.550000 1.131449
1.566400 1.139124
1.583333 1.141082
1.599733 1.145001
1.616400 1.144727
1.633333 1.143722
1.650000 1.155095
1.666667 1.157492
1.683067 1.156207
1.700000 1.150941
1.716667 1.165234
1.733333 1.169286
1.750250 1.165164
1.766917 1.173124
1.783333 1.177496
1.800000 1.171455
1.816667 1.176119
1.833333 1.183450
1.849733 1.183221
1.866667 1.175777
1.883067 1.184724
1.899733 1.177466
1.916667 1.185662
1.933333 1.179447
1.950000 1.190711
1.966400 1.188501
1.983067 1.194589
1.999733 1.181339
2.016667 1.201825
2.033333 1.201061
2.049733 1.198978
2.066667 1.206956
2.083333 1.201379
2.100000 1.208177
2.116667 1.205974
2.133583 1.206835
2.149733 1.208896
2.166667 1.210683
2.183333 1.200785
2.200000 1.210237
2.216917 1.218813
2.233333 1.211626
2.250000 1.214384
2.266400 1.215285
2.283333 1.215988
2.299733 1.209525
2.316400 1.212981
2.333333 1.211459
2.349733 1.211493
2.366667 1.212452
2.383333 1.226269
2.400000 1.212023
2.416400 1.205166
2.433333 1.220070
2.449733 1.227598
2.466400 1.229227
2.483333 1.221662
2.500250 1.218326
2.516667 1.229294
2.533067 1.224955
2.550000 1.224475
2.566400 1.227761
2.583067 1.234717
2.599733 1.233273
2.616667 1.222183
2.633067 1.230786
2.650000 1.221170
2.666667 1.231371
2.683067 1.234087
2.700250 1.227716
2.716667 1.212934
2.733333 1.223627
2.750000 1.212707
2.766917 1.231590
2.783583 1.222432
2.800000 1.215144
2.816667 1.212400
2.833583 1.229867
2.849733 1.214798
2.866917 1.221753
2.883583 1.231901
2.900250 1.217397
2.916667 1.224973
2.933333 1.229465
2.950000 1.228883
2.966400 1.229013
2.983333 1.231736
3.000000 1.225563
3.017183 1.220317
3.033333 1.231080
3.050000 1.228725
3.066917 1.231161
3.083583 1.231791
3.100000 1.230951
3.116400 1.230498
3.133583 1.224130
3.150000 1.221579
3.166400 1.232418
3.183333 1.224145
3.199733 1.225875
3.216917 1.232821
3.233333 1.224133
3.250250 1.233521
3.266917 1.222708
3.283067 1.229035
3.300250 1.228904
3.316400 1.227496
3.333333 1.221187
3.350000 1.224510
3.366667 1.218212
3.383333 1.216476
3.399733 1.221727
3.416667 1.221783
3.433333 1.231076
3.450000 1.224856
3.466667 1.230351
3.483333 1.233140
3.500000 1.231224
 
График8 
-------------------
0.000000 0.064998
0.016667 0.059047
0.033333 0.057789
0.050000 0.058095
0.066933 0.057583
0.083333 0.056051
0.100000 0.055197
0.116667 0.056522
0.133333 0.056718
0.150000 0.055771
0.166667 0.055607
0.183333 0.055558
0.200267 0.055642
0.216667 0.055780
0.233083 0.055529
0.250267 0.055725
0.266417 0.057195
0.283333 0.056025
0.299750 0.056302
0.316667 0.055695
0.333333 0.056796
0.350000 0.056680
0.366417 0.057972
0.383333 0.058933
0.400000 0.058297
0.416667 0.057390
0.433333 0.057816
0.450000 0.060303
0.466667 0.059852
0.483333 0.060406
0.500000 0.059866
0.516933 0.068111
0.533333 0.062307
0.550267 0.061482
0.566417 0.065715
0.583333 0.062372
0.600000 0.061727
0.616667 0.061996
0.633083 0.063182
0.650000 0.062512
0.666417 0.064345
0.683083 0.064648
0.700267 0.064661
0.716933 0.065682
0.733333 0.065262
0.750000 0.066401
0.766667 0.066096
0.783333 0.067488
0.800000 0.067678
0.816667 0.068204
0.833083 0.068058
0.850000 0.069774
0.866933 0.069405
0.883333 0.071163
0.899750 0.070302
0.916417 0.071697
0.933083 0.073039
0.950000 0.073389
0.966933 0.073482
0.983083 0.075257
1.000000 0.075154
1.016933 0.076876
1.033083 0.077765
1.050000 0.077975
1.066667 0.079138
1.083333 0.079935
1.100000 0.081462
1.116417 0.083109
1.133083 0.083987
1.150000 0.085517
1.166417 0.085362
1.183333 0.087565
1.200000 0.088991
1.216417 0.089329
1.233333 0.091595
1.250000 0.092572
1.266667 0.094256
1.283600 0.096252
1.300000 0.096319
1.316417 0.098254
1.333333 0.099407
1.350000 0.100983
1.366667 0.103000
1.383600 0.104783
1.400000 0.106700
1.416933 0.108646
1.433333 0.110959
1.450267 0.114159
1.466667 0.115867
1.483333 0.118200
1.499750 0.119705
1.516667 0.123262
1.533333 0.124821
1.550267 0.127937
1.566933 0.131154
1.583600 0.133549
1.600267 0.136068
1.616933 0.139048
1.633600 0.142901
1.650267 0.146213
1.666933 0.149037
1.683600 0.152289
1.700267 0.155688
1.716933 0.159145
1.733333 0.161730
1.750000 0.165912
1.766667 0.168968
1.783600 0.173013
1.800000 0.177273
1.816933 0.181593
1.833600 0.185434
1.850267 0.189484
1.866667 0.194485
1.883083 0.198802
1.899750 0.204016
1.916417 0.208395
1.933333 0.214507
1.949750 0.219363
1.966417 0.224274
1.983333 0.228183
2.000000 0.233266
2.016667 0.238065
2.033333 0.243826
2.050000 0.249724
2.066933 0.255804
2.083333 0.261738
2.100267 0.265055
2.116417 0.268708
2.133333 0.274145
2.150000 0.280075
2.166667 0.285451
2.183600 0.290874
2.200000 0.296565
2.216933 0.302308
2.233333 0.307875
2.250000 0.313300
2.266667 0.319425
2.283600 0.324681
2.299750 0.330771
2.316417 0.336214
2.333083 0.341871
2.349750 0.347927
2.366417 0.352902
2.383083 0.358366
2.400000 0.364869
2.416667 0.371425
2.433333 0.377409
2.449750 0.383271
2.466933 0.389504
2.483083 0.395473
2.500000 0.401789
2.516933 0.407770
2.533333 0.413154
2.549750 0.419754
2.566667 0.425692
2.583600 0.431628
2.600000 0.437983
2.616667 0.443221
2.633083 0.449807
2.650000 0.456466
2.666667 0.462786
2.683600 0.469330
2.699750 0.475309
2.716667 0.480400
2.733083 0.487170
2.750267 0.492611
2.766933 0.498389
2.783083 0.504034
2.799750 0.509931
2.816667 0.516233
2.833083 0.522221
2.849750 0.528132
2.866667 0.533903
2.883083 0.540489
2.900000 0.544811
2.916933 0.551808
2.933083 0.557362
2.950000 0.561716
2.966933 0.568806
2.983333 0.573066
3.000267 0.580889
3.016667 0.585997
3.033600 0.592867
3.049750 0.598780
3.066667 0.603831
3.083083 0.610842
3.099750 0.616471
3.116667 0.621768
3.133333 0.629200
3.150000 0.632901
3.166933 0.641462
3.183600 0.646792
3.200267 0.652637
3.216933 0.659135
3.233083 0.663061
3.249750 0.670381
3.266933 0.674473
3.283333 0.680925
3.300000 0.686924
3.316667 0.691752
3.333333 0.699398
3.350000 0.703894
3.366417 0.710735
3.383083 0.713403
3.400267 0.722882
3.416933 0.728157
3.433333 0.732582
3.450000 0.737147
3.466667 0.744635
3.483600 0.751059
3.500000 0.753793
3.516417 0.761656
3.533333 0.768199
3.550267 0.774921
3.566667 0.780086
3.583083 0.785815
3.600000 0.790883
3.616417 0.797987
3.633083 0.802207
3.649750 0.808860
3.666667 0.813183
3.683083 0.819320
3.699750 0.825487
3.716417 0.832287
3.733600 0.834169
3.750000 0.840942
3.766667 0.846969
3.783600 0.855195
3.800000 0.859089
3.816667 0.858117
3.833333 0.871517
3.850000 0.875552
3.866667 0.880080
3.883333 0.885620
3.900000 0.892173
3.916667 0.898352
3.933333 0.902180
3.950000 0.908263
3.966667 0.915619
3.983083 0.920603
4.000000 0.925377
4.016933 0.932845
4.033083 0.936624
4.050267 0.939213
4.066933 0.947182
4.083600 0.948715
4.100267 0.952950
4.116417 0.965623
4.133333 0.968125
4.150000 0.965690
4.166667 0.976565
4.183600 0.988445
4.199750 0.989889
4.216417 0.992392
4.233083 1.001082
4.250000 1.005778
4.266667 1.003782
4.283333 1.007240
4.300267 1.022625
4.316417 1.023126
4.333600 1.030557
4.350267 1.037170
4.366417 1.038882
4.383600 1.048181
4.399750 1.054141
4.416417 1.058062
4.433333 1.058250
4.450267 1.063840
4.466933 1.073025
4.483600 1.075693
4.500000 1.070232
4.516417 1.082905
4.533083 1.083259
4.549750 1.091508
4.566417 1.100314
4.583333 1.094279
4.599750 1.113066
4.616667 1.110967
4.633333 1.114754
4.649750 1.125800
4.666667 1.128554
4.683333 1.128942
4.699750 1.138010
4.716667 1.143625
4.733083 1.145932
4.750000 1.157125
4.766417 1.153399
4.783083 1.158748
4.800267 1.169043
4.816417 1.170243
4.833333 1.179279
4.850000 1.187919
4.866417 1.187207
4.883333 1.196731
4.900000 1.194854
4.916417 1.193516
4.933083 1.210778
4.949750 1.209077
4.966667 1.218712
4.983333 1.216371
5.000000 1.226983
5.016667 1.234371
5.033333 1.235058
5.049750 1.237973
5.066417 1.232406
5.083600 1.250450
5.100267 1.248199
5.116933 1.256233
5.133600 1.254986
5.150267 1.267261
5.166667 1.264045
5.183333 1.262153
5.200267 1.272349
5.216417 1.269900
5.233083 1.279562
5.249750 1.283484
5.266667 1.288258
5.283600 1.280572
5.300000 1.285789
5.316667 1.302700
5.333083 1.305075
5.350000 1.315453
5.366667 1.296326
5.383333 1.316785
5.399750 1.315876
5.416667 1.314088
5.433333 1.329885
5.450000 1.315871
5.466667 1.337081
5.483083 1.338500
5.500000 1.344416
5.516667 1.337972
5.533083 1.333346
5.550000 1.362071
5.566667 1.359677
5.583083 1.360205
5.599750 1.360771
5.616667 1.365783
5.633333 1.369985
5.649750 1.357863
5.666417 1.365544
5.683333 1.388557
5.699750 1.378449
5.716667 1.397478
5.733333 1.396236
5.750267 1.381411
5.766417 1.393448
5.783600 1.419919
5.800000 1.410964
5.816417 1.414057
5.833600 1.421621
5.850267 1.411402
5.866667 1.421516
5.883333 1.413975
5.899750 1.411384
5.916417 1.431005
5.933083 1.407320
5.949750 1.414123
5.966417 1.442257
5.983333 1.447497
6.000000 1.446168
6.016667 1.435844
6.033600 1.443103
6.050267 1.457474
6.066933 1.450188
6.083333 1.444087
6.100267 1.447961
6.116667 1.467400
6.133083 1.465443
6.150000 1.460394
6.166667 1.482506
6.183600 1.468393
6.199750 1.476370
6.216667 1.469972
6.233083 1.480381
6.250000 1.486347
6.266667 1.485318
6.283083 1.480948
6.300000 1.478384
6.316417 1.484581
6.333333 1.475709
6.350000 1.500454
6.366933 1.496502
6.383600 1.500939
6.399750 1.485342
6.416667 1.479966
6.433333 1.488904
6.450000 1.500933
6.466667 1.495575
6.483333 1.509808
6.500267 1.500064
6.516667 1.498537
6.533333 1.515132
6.550000 1.493667
6.566667 1.501593
6.583083 1.519083
6.600000 1.503794
6.616667 1.526795
6.633333 1.527667
6.650000 1.503391
6.666667 1.524966
6.683600 1.527192
6.699750 1.527328
6.716417 1.510598
6.733333 1.549091
6.750000 1.524971
6.766933 1.507979
6.783333 1.540111
6.800000 1.533552
6.816667 1.540318
6.833083 1.539465
6.850000 1.535470
6.866417 1.535200
6.883333 1.535064
6.900000 1.536998
6.916667 1.515633
6.933333 1.538780
6.950000 1.551606
6.966417 1.547820
6.983083 1.544172
7.000267 1.504544
7.016933 1.539513
7.033333 1.564380
7.050000 1.536626
7.066667 1.532944
7.083333 1.537265
7.099750 1.550754
7.116417 1.536142
7.133600 1.539514
7.150267 1.529913
7.166667 1.554433
7.183333 1.542746
7.200267 1.522168
7.216417 1.549737
7.233333 1.557488
7.250000 1.545290
7.266667 1.546848
7.283333 1.539386
7.300000 1.560453
7.316933 1.553506
7.333333 1.542170
7.349750 1.554587
7.366933 1.545391
7.383333 1.553874
7.400000 1.538359
7.416667 1.540092
7.433333 1.542681
7.450000 1.550304
7.466933 1.554553
7.483600 1.547879
7.500267 1.535556
7.516417 1.551220
7.533600 1.541897
7.550267 1.559645
7.566667 1.565592
7.583083 1.561314
7.600267 1.546573
7.616667 1.544721
7.633333 1.534517
7.650267 1.552774
7.666667 1.559311
7.683333 1.540264
7.699750 1.552081
7.716933 1.549565
7.733600 1.554496
7.750267 1.549377
7.766667 1.559131
7.783867 1.538160
7.800000 1.560406
7.816667 1.547817
7.833083 1.546409
7.849750 1.556498
7.866933 1.530202
7.883333 1.537065
7.900267 1.553504
7.916667 1.531035
7.933600 1.562293
7.950000 1.539028
7.966667 1.541231
7.983333 1.540929
8.000267 1.535193
8.016933 1.563521
8.033600 1.548025
8.050267 1.565910
8.066933 1.565562
8.083600 1.555707
8.100267 1.565677
8.116933 1.564081
8.133333 1.526171
8.150267 1.541096
8.166933 1.554377
 
График9 
-------------------
0.000000 0.003325
0.016667 0.003658
0.033333 0.004451
0.050000 0.004222
0.066667 0.004946
0.083333 0.003947
0.100000 0.003152
0.116667 0.002110
0.133333 0.001866
0.150000 0.002774
0.166667 0.002124
0.183333 0.001359
0.200000 0.002560
0.216667 0.001603
0.233333 0.003420
0.250000 0.002845
0.266667 0.002561
0.283333 0.003509
0.300000 0.002826
0.316667 0.002691
0.333333 0.004330
0.350000 0.001818
0.366667 0.002609
0.383333 0.002793
0.400000 0.004670
0.416667 0.001902
0.433333 0.003083
0.450000 0.002761
0.466667 0.002982
0.483333 0.002243
0.500000 0.003296
0.516667 0.002233
0.533333 0.001566
0.550000 0.002463
0.566667 0.002170
0.583333 0.002026
0.600000 0.002744
0.616667 0.002094
0.633333 0.003482
0.650000 0.002250
0.666667 0.002671
0.683333 0.002681
0.700000 0.002888
0.716667 0.002782
0.733333 0.002785
0.750000 0.003680
0.766667 0.003200
0.783333 0.003901
0.800000 0.003284
0.816667 0.003418
0.833333 0.004222
0.850000 0.004219
0.866667 0.004874
0.883333 0.004205
0.900000 0.004282
0.916667 0.003383
0.933333 0.003171
0.950000 0.003593
0.966667 0.003038
0.983333 0.004528
1.000000 0.003836
1.016667 0.003171
1.033333 0.003225
1.050000 0.005747
1.066667 0.003543
1.083333 0.004484
1.100000 0.005168
1.116667 0.003558
1.133333 0.004522
1.150000 0.004320
1.166667 0.006317
1.183333 0.004800
1.200000 0.005289
1.216667 0.005233
1.233333 0.007199
1.250000 0.005319
1.266667 0.005108
1.283333 0.005398
1.300000 0.004098
1.316667 0.004728
1.333333 0.004123
1.350000 0.004655
1.366667 0.004819
1.383333 0.003455
1.400000 0.003493
1.416667 0.004455
1.433333 0.003746
1.450000 0.003158
1.466667 0.002901
1.483333 0.003771
1.500000 0.004413
1.516667 0.004076
1.533333 0.003336
1.550000 0.003362
1.566667 0.003547
1.583333 0.002816
1.600000 0.003029
1.616667 0.004199
1.633333 0.005398
1.650000 0.006514
1.666667 0.010855
1.683333 0.006118
1.700000 0.003222
1.716667 0.004106
1.733333 0.003991
1.750000 0.003174
1.766667 0.003608
1.783333 0.005190
1.800000 0.003121
1.816667 0.004457
1.833333 0.003166
1.850000 0.002528
1.866667 0.003204
1.883333 0.002728
1.900000 0.003303
1.916667 0.002946
1.933333 0.003056
1.950000 0.002322
1.966667 0.002353
1.983333 0.002093
2.000000 0.003860
2.016667 0.003274
2.033333 0.004059
2.050000 0.003350
2.066667 0.002841
2.083333 0.002946
2.100000 0.004383
2.116667 0.003797
2.133333 0.003480
2.150000 0.004627
2.166667 0.002907
2.183333 0.002944
2.200000 0.003309
2.216667 0.003333
2.233333 0.002490
2.250000 0.002223
2.266667 0.004345
2.283333 0.004568
2.300000 0.002337
2.316667 0.002531
2.333333 0.003477
2.350000 0.002833
2.366667 0.003757
2.383333 0.004133
2.400000 0.002107
2.416667 0.003117
2.433333 0.003288
2.450000 0.003800
2.466667 0.003593
2.483333 0.002604
2.500000 0.003876
2.516667 0.003664
2.533333 0.003652
2.550000 0.007708
2.566667 0.006103
2.583333 0.004104
2.600000 0.003693
2.616667 0.004247
2.633333 0.003027
2.650000 0.003355
2.666667 0.003146
2.683333 0.003373
2.700000 0.003959
2.716667 0.004964
2.733333 0.002650
2.750000 0.002997
2.766667 0.003097
2.783333 0.003976
2.800000 0.004312
2.816667 0.003970
2.833333 0.004020
2.850000 0.003652
2.866667 0.004078
2.883333 0.004271
2.900000 0.004033
2.916667 0.003417
2.933333 0.004721
2.950000 0.006085
2.966667 0.006531
2.983333 0.003864
3.000000 0.004779
3.016667 0.005996
3.033333 0.005790
3.050000 0.004721
3.066667 0.003917
3.083333 0.004635
3.100000 0.004273
3.116667 0.005734
3.133333 0.007265
3.150000 0.005810
3.166667 0.007373
3.183333 0.006137
3.200000 0.007196
3.216667 0.006947
3.233333 0.007019
3.250000 0.007674
3.266667 0.007060
3.283333 0.006772
3.300000 0.006859
3.316667 0.008092
3.333333 0.006872
3.350000 0.007636
3.366667 0.007805
3.383333 0.007170
3.400000 0.007254
3.416667 0.007862
3.433333 0.008059
3.450000 0.008634
3.466667 0.007943
3.483333 0.008407
3.500000 0.007874
3.516667 0.007282
3.533333 0.007829
3.550000 0.008838
3.566667 0.008288
3.583333 0.007967
3.600000 0.007552
3.616667 0.008758
3.633333 0.008939
3.650000 0.006989
3.666667 0.007270
3.683333 0.007556
3.700000 0.006329
3.716667 0.006388
3.733333 0.005817
3.750000 0.007533
3.766667 0.006753
3.783333 0.005259
3.800000 0.006482
3.816667 0.006567
3.833333 0.005599
3.850000 0.006777
3.866667 0.005792
3.883333 0.005910
3.900000 0.005619
3.916667 0.005460
3.933333 0.005527
3.950000 0.005759
3.966667 0.005985
3.983333 0.005580
4.000000 0.006624
4.016667 0.006823
4.033333 0.006057
4.050000 0.006550
4.066667 0.007826
4.083333 0.006388
4.100000 0.006692
4.116667 0.007850
4.133333 0.007021
4.150000 0.007509
4.166667 0.008626
4.183333 0.007361
4.200000 0.008020
4.216667 0.007861
4.233333 0.006943
4.250000 0.006709
4.266667 0.005558
4.283333 0.006324
4.300000 0.006302
4.316667 0.006734
4.333333 0.006157
4.350000 0.006421
4.366667 0.005920
4.383333 0.006796
4.400000 0.005922
4.416667 0.007073
4.433333 0.006039
4.450000 0.005989
4.466667 0.006513
4.483333 0.006678
4.500000 0.007738
4.516667 0.007011
4.533333 0.008384
4.550000 0.007605
4.566667 0.008400
4.583333 0.007469
4.600000 0.007636
4.616667 0.007752
4.633333 0.006651
4.650000 0.006838
4.666667 0.006521
4.683333 0.006419
4.700000 0.005934
4.716667 0.006327
4.733333 0.006076
4.750000 0.007613
4.766667 0.006626
4.783333 0.007589
4.800000 0.006593
4.816667 0.007625
4.833333 0.006826
4.850000 0.006359
4.866667 0.006949
4.883333 0.006572
4.900000 0.006547
4.916667 0.007632
4.933333 0.006782
4.950000 0.006496
4.966667 0.006757
4.983333 0.006757
5.000000 0.006280
5.016667 0.007602
5.033333 0.006824
5.050000 0.007140
5.066667 0.006419
5.083333 0.008342
5.100000 0.007443
5.116667 0.008085
5.133333 0.008958
5.150000 0.007808
5.166667 0.008325
5.183333 0.008118
5.200000 0.008892
5.216667 0.008884
5.233333 0.008926
5.250000 0.009830
5.266667 0.008456
5.283333 0.008156
5.300000 0.007866
5.316667 0.007502
5.333333 0.008398
5.350000 0.007457
5.366667 0.007008
5.383333 0.007558
5.400000 0.006223
5.416667 0.007266
5.433333 0.007903
5.450000 0.006760
5.466667 0.007806
5.483333 0.007559
5.500000 0.008018
5.516667 0.007235
5.533333 0.007295
5.550000 0.007611
5.566667 0.006539
5.583333 0.007423
5.600000 0.007598
5.616667 0.008773
5.633333 0.007750
5.650000 0.008084
5.666667 0.009185
5.683333 0.007467
5.700000 0.007499
5.716667 0.007760
5.733333 0.007679
5.750000 0.007684
5.766667 0.008099
5.783333 0.007582
5.800000 0.007371
5.816667 0.008224
5.833333 0.007462
5.850000 0.006655
5.866667 0.006742
5.883333 0.006869
5.900000 0.007308
5.916667 0.006535
5.933333 0.007124
5.950000 0.007760
5.966667 0.006837
5.983333 0.007876
6.000000 0.007226
6.016667 0.007063
6.033333 0.007173
6.050000 0.007129
6.066667 0.007833
6.083333 0.007038
6.100000 0.007716
6.116667 0.008044
6.133333 0.008608
6.150000 0.008746
6.166667 0.009066
6.183333 0.008165
6.200000 0.009052
6.216667 0.007772
6.233333 0.007995
6.250000 0.007967
6.266667 0.008741
6.283333 0.008187
6.300000 0.007920
6.316667 0.007768
6.333333 0.008467
6.350000 0.007262
6.366667 0.008139
6.383333 0.007776
6.400000 0.008201
6.416667 0.007612
6.433333 0.007210
6.450000 0.007695
6.466667 0.007316
6.483333 0.008988
6.500000 0.009069
6.516667 0.007119
6.533333 0.007255
6.550000 0.007411
6.566667 0.008827
6.583333 0.008907
6.600000 0.007620
6.616667 0.007272
6.633333 0.007278
6.650000 0.007004
6.666667 0.007857
6.683333 0.008063
6.700000 0.007414
6.716667 0.008851
6.733333 0.008105
6.750000 0.007902
6.766667 0.008228
6.783333 0.007749
6.800000 0.007917
6.816667 0.008191
6.833333 0.007292
6.850000 0.007899
6.866667 0.007103
6.883333 0.008018
6.900000 0.008585
6.916667 0.008056
6.933333 0.008633
6.950000 0.008793
6.966667 0.007742
6.983333 0.007989
7.000000 0.007364
7.016667 0.008446
7.033333 0.007322
7.050000 0.007300
7.066667 0.008109
7.083333 0.006982
7.100000 0.008153
7.116667 0.007542
7.133333 0.007976
7.150000 0.006986
7.166667 0.007345
7.183333 0.007309
7.200000 0.007361
7.216667 0.008182
7.233333 0.007953
7.250000 0.008634
7.266667 0.008012
7.283333 0.007817
7.300000 0.007396
7.316667 0.007647
7.333333 0.007748
7.350000 0.007493
7.366667 0.008728
7.383333 0.007231
7.400000 0.007727
7.416667 0.008207
7.433333 0.007577
7.450000 0.007668
7.466667 0.007732
7.483333 0.007657
7.500000 0.007951
7.516667 0.008874
7.533333 0.007930
7.550000 0.007697
7.566667 0.007878
7.583333 0.007743
7.600000 0.007804
7.616667 0.008098
7.633333 0.007158
7.650000 0.007580
7.666667 0.007051
7.683333 0.007387
7.700000 0.008367
7.716667 0.008402
7.733333 0.007106
7.750000 0.007790
7.766667 0.007408
7.783333 0.007099
7.800000 0.008466
7.816667 0.009430
7.833333 0.007450
7.850000 0.008679
7.866667 0.008450
7.883333 0.009051
7.900000 0.008711
7.916667 0.007619
7.933333 0.007838
7.950000 0.007899
7.966667 0.007553
7.983333 0.008516
8.000000 0.008267
8.016667 0.008352
8.033333 0.007464
8.050000 0.007898
8.066667 0.008522
8.083333 0.008226
8.100000 0.007302
8.116667 0.008298
8.133333 0.007723
8.150000 0.008948
8.166667 0.009092
8.183333 0.008558
8.200000 0.008210
8.216667 0.009191
8.233333 0.007968
8.250000 0.008146
8.266667 0.009239
8.283333 0.009226
8.300000 0.008749
8.316667 0.008144
8.333333 0.007622
8.350000 0.007574
8.366667 0.008723
8.383333 0.007616
8.400000 0.008402
8.416667 0.008233
8.433333 0.008451
8.450000 0.007323
8.466667 0.007501
8.483333 0.008128
8.500000 0.007557
8.516667 0.008972
8.533333 0.008908
8.550000 0.008418
8.566667 0.007637
8.583333 0.008049
8.600000 0.009144
8.616667 0.008526
8.633333 0.007160
8.650000 0.008707
8.666667 0.007859
8.683333 0.007346
8.700000 0.008054
8.716667 0.007480
8.733333 0.008028
8.750000 0.008725
8.766667 0.008266
8.783333 0.007696
8.800000 0.007678
8.816667 0.007802
8.833333 0.007719
8.850000 0.008063
8.866667 0.007838
8.883333 0.007878
8.900000 0.008325
8.916667 0.008220
8.933333 0.009462
8.950000 0.010515
8.966667 0.010060
8.983333 0.010980
9.000000 0.010667
9.016667 0.011548
9.033333 0.010740
9.050000 0.010974
9.066667 0.011143
9.083333 0.010521
9.100000 0.010333
9.116667 0.010829
9.133333 0.010321
9.150000 0.012058
9.166667 0.010616
9.183333 0.012376
9.200000 0.010291
9.216667 0.009471
9.233333 0.011957
9.250000 0.010587
9.266667 0.010040
9.283333 0.009632
9.300000 0.010121
9.316667 0.009654
9.333333 0.008519
9.350000 0.009664
9.366667 0.008752
9.383333 0.008622
9.400000 0.009136
9.416667 0.009197
9.433333 0.008973
9.450000 0.008322
9.466667 0.009418
9.483333 0.009219
9.500000 0.009561
9.516667 0.009579
9.533333 0.008060
9.550000 0.008320
9.566667 0.008402
9.583333 0.008579
9.600000 0.008867
9.616667 0.009290
9.633333 0.008435
9.650000 0.009022
9.666667 0.008897
9.683333 0.007737
9.700000 0.008861
9.716667 0.008959
9.733333 0.008835
9.750000 0.008340
9.766667 0.008836
9.783333 0.009374
9.800000 0.008448
9.816667 0.009060
9.833333 0.007929
9.850000 0.008020
9.866667 0.008816
9.883333 0.007999
9.900000 0.008682
9.916667 0.008521
9.933333 0.010237
9.950000 0.009998
9.966667 0.008331
9.983333 0.009128
10.000000 0.009929
 
График10 
-------------------
0.000000 0.008680
0.016400 0.009336
0.033333 0.009866
0.050000 0.009000
0.066667 0.009206
0.083333 0.010307
0.100000 0.010106
0.116400 0.009435
0.133333 0.009045
0.149733 0.009056
0.166667 0.009339
0.183333 0.010277
0.200000 0.008447
0.216667 0.008562
0.233333 0.007976
0.250000 0.008554
0.266667 0.008319
0.283333 0.008941
0.300000 0.010155
0.316933 0.008466
0.333333 0.009325
0.350000 0.008189
0.366667 0.009637
0.383333 0.010197
0.400000 0.009512
0.416933 0.009160
0.433333 0.008975
0.450000 0.008430
0.466667 0.008869
0.483333 0.009758
0.500267 0.009321
0.516400 0.009624
0.536200 0.008019
0.550267 0.008796
0.566933 0.009477
0.583333 0.007972
0.599733 0.008337
0.616400 0.008656
0.633333 0.007909
0.650267 0.009418
0.666400 0.008679
0.683067 0.008488
0.700267 0.007356
0.716667 0.009027
0.736467 0.008470
0.750000 0.009810
0.766400 0.008168
0.783600 0.009446
0.800000 0.009357
0.816667 0.008240
0.833067 0.009442
0.850000 0.008189
0.866400 0.008605
0.883067 0.009982
0.900000 0.009388
0.916667 0.007871
0.933333 0.008159
0.950267 0.009415
0.966933 0.008249
0.983333 0.009262
0.999733 0.009143
1.016667 0.008336
1.033600 0.008555
1.050000 0.007959
1.066667 0.009774
1.083333 0.009200
1.100000 0.009567
1.116400 0.009277
1.133067 0.008447
1.149733 0.008451
1.166400 0.009290
1.183600 0.009500
1.199733 0.008705
1.216667 0.010209
1.233600 0.009402
1.250000 0.008746
1.266667 0.008468
1.283333 0.009591
1.300000 0.008350
1.316667 0.008252
1.333067 0.008390
1.349733 0.008651
1.366667 0.009110
1.383333 0.008752
1.400000 0.009079
1.416933 0.008937
1.433333 0.009173
1.449733 0.008928
1.466400 0.008518
1.483333 0.008824
1.500000 0.009436
1.516667 0.008824
1.533333 0.007891
1.550267 0.010815
1.566933 0.008760
1.583600 0.009005
1.599733 0.008591
1.616933 0.008480
1.633333 0.008701
1.650000 0.009228
1.666667 0.008472
1.683600 0.008754
1.700000 0.009425
1.716667 0.009298
1.733600 0.008875
1.749733 0.009029
1.766667 0.008730
1.783600 0.008598
1.799733 0.009052
1.816667 0.008604
1.833600 0.008943
1.849733 0.008537
1.866667 0.008625
1.883333 0.009403
1.900000 0.009246
1.916933 0.008691
1.933067 0.008335
1.950000 0.009110
1.966667 0.008584
1.983067 0.008628
2.000000 0.008291
2.016667 0.009405
2.033333 0.009238
2.050000 0.008063
2.066667 0.008960
2.083600 0.009011
2.099733 0.008367
2.116667 0.008599
2.133333 0.008697
2.150000 0.008745
2.166667 0.009475
2.183333 0.008755
2.200000 0.009248
2.216667 0.009100
2.233600 0.009090
2.250000 0.009149
2.266667 0.010296
2.283600 0.008934
2.300000 0.008858
2.316667 0.009183
2.333333 0.009753
2.350000 0.009580
2.366400 0.009129
2.383333 0.009803
2.400000 0.008969
2.416400 0.010243
2.433333 0.009413
2.450000 0.009315
2.466667 0.010857
2.483333 0.009136
2.500000 0.008575
2.516933 0.009883
2.533600 0.009440
2.550267 0.009649
2.566400 0.009315
2.583333 0.009791
2.600267 0.008999
2.616667 0.010017
2.633333 0.009915
2.650000 0.009982
2.666933 0.009170
2.683600 0.008654
2.699733 0.009679
2.716667 0.010923
2.733600 0.010235
2.749733 0.009628
2.766667 0.009518
2.783067 0.009646
